# x	y	u	v	flags	mask
2.3438e-04	7.2656e-03	4.4114e+01	2.1755e+01	0.0000e+00	0.0000e+00
4.6875e-04	7.2656e-03	4.4324e+01	2.1496e+01	0.0000e+00	0.0000e+00
7.0313e-04	7.2656e-03	4.4292e+01	2.1506e+01	0.0000e+00	0.0000e+00
9.3750e-04	7.2656e-03	4.4418e+01	2.1958e+01	0.0000e+00	0.0000e+00
1.1719e-03	7.2656e-03	4.4380e+01	2.1620e+01	1.0000e+00	0.0000e+00
1.4063e-03	7.2656e-03	4.4381e+01	2.1654e+01	1.0000e+00	0.0000e+00
1.6406e-03	7.2656e-03	4.4304e+01	2.1557e+01	0.0000e+00	0.0000e+00
1.8750e-03	7.2656e-03	4.4355e+01	2.1669e+01	1.0000e+00	0.0000e+00
2.1094e-03	7.2656e-03	4.4144e+01	2.1897e+01	0.0000e+00	0.0000e+00
2.3438e-03	7.2656e-03	4.4204e+01	2.1777e+01	1.0000e+00	0.0000e+00
2.5781e-03	7.2656e-03	4.4000e+01	2.2105e+01	0.0000e+00	0.0000e+00
2.8125e-03	7.2656e-03	4.4025e+01	2.2570e+01	0.0000e+00	0.0000e+00
3.0469e-03	7.2656e-03	4.2684e+01	2.2519e+01	0.0000e+00	0.0000e+00
3.2813e-03	7.2656e-03	4.1222e+01	2.1897e+01	0.0000e+00	0.0000e+00
3.5156e-03	7.2656e-03	3.9007e+01	2.1600e+01	1.0000e+00	0.0000e+00
3.7500e-03	7.2656e-03	3.6460e+01	2.1239e+01	0.0000e+00	0.0000e+00
3.9844e-03	7.2656e-03	3.5223e+01	2.1812e+01	0.0000e+00	0.0000e+00
4.2188e-03	7.2656e-03	3.4101e+01	2.1551e+01	1.0000e+00	0.0000e+00
4.4531e-03	7.2656e-03	3.2940e+01	2.1895e+01	0.0000e+00	0.0000e+00
4.6875e-03	7.2656e-03	3.1815e+01	2.1616e+01	0.0000e+00	0.0000e+00
4.9219e-03	7.2656e-03	3.0977e+01	2.1700e+01	0.0000e+00	0.0000e+00
5.1563e-03	7.2656e-03	3.0196e+01	2.1658e+01	0.0000e+00	0.0000e+00
5.3906e-03	7.2656e-03	2.9490e+01	2.1623e+01	1.0000e+00	0.0000e+00
5.6250e-03	7.2656e-03	2.8790e+01	2.2017e+01	0.0000e+00	0.0000e+00
5.8594e-03	7.2656e-03	2.7967e+01	2.1791e+01	0.0000e+00	0.0000e+00
6.0938e-03	7.2656e-03	2.7553e+01	2.1654e+01	1.0000e+00	0.0000e+00
6.3281e-03	7.2656e-03	2.6937e+01	2.1586e+01	0.0000e+00	0.0000e+00
6.5625e-03	7.2656e-03	2.6447e+01	2.1744e+01	0.0000e+00	0.0000e+00
6.7969e-03	7.2656e-03	2.6091e+01	2.1868e+01	0.0000e+00	0.0000e+00
7.0313e-03	7.2656e-03	2.5960e+01	2.1655e+01	1.0000e+00	0.0000e+00
7.2656e-03	7.2656e-03	2.5802e+01	2.1649e+01	1.0000e+00	0.0000e+00
2.3438e-04	7.0313e-03	4.4357e+01	2.1518e+01	1.0000e+00	0.0000e+00
4.6875e-04	7.0313e-03	4.4361e+01	2.1555e+01	1.0000e+00	0.0000e+00
7.0313e-04	7.0313e-03	4.4363e+01	2.1511e+01	0.0000e+00	0.0000e+00
9.3750e-04	7.0313e-03	4.4386e+01	2.1592e+01	0.0000e+00	0.0000e+00
1.1719e-03	7.0313e-03	4.4428e+01	2.1779e+01	0.0000e+00	0.0000e+00
1.4063e-03	7.0313e-03	4.4447e+01	2.1668e+01	0.0000e+00	0.0000e+00
1.6406e-03	7.0313e-03	4.4315e+01	2.1611e+01	0.0000e+00	0.0000e+00
1.8750e-03	7.0313e-03	4.4363e+01	2.1643e+01	0.0000e+00	0.0000e+00
2.1094e-03	7.0313e-03	4.4429e+01	2.1655e+01	0.0000e+00	0.0000e+00
2.3438e-03	7.0313e-03	4.4243e+01	2.1700e+01	1.0000e+00	0.0000e+00
2.5781e-03	7.0313e-03	4.3996e+01	2.1708e+01	1.0000e+00	0.0000e+00
2.8125e-03	7.0313e-03	4.3369e+01	2.1679e+01	1.0000e+00	0.0000e+00
3.0469e-03	7.0313e-03	4.2277e+01	2.1649e+01	1.0000e+00	0.0000e+00
3.2813e-03	7.0313e-03	4.0815e+01	2.1586e+01	1.0000e+00	0.0000e+00
3.5156e-03	7.0313e-03	3.9078e+01	2.1537e+01	1.0000e+00	0.0000e+00
3.7500e-03	7.0313e-03	3.6580e+01	2.1635e+01	0.0000e+00	0.0000e+00
3.9844e-03	7.0313e-03	3.5069e+01	2.1405e+01	0.0000e+00	0.0000e+00
4.2188e-03	7.0313e-03	3.3954e+01	2.1431e+01	0.0000e+00	0.0000e+00
4.4531e-03	7.0313e-03	3.2843e+01	2.1533e+01	0.0000e+00	0.0000e+00
4.6875e-03	7.0313e-03	3.1823e+01	2.1571e+01	0.0000e+00	0.0000e+00
4.9219e-03	7.0313e-03	3.1049e+01	2.1585e+01	1.0000e+00	0.0000e+00
5.1563e-03	7.0313e-03	3.0170e+01	2.1511e+01	0.0000e+00	0.0000e+00
5.3906e-03	7.0313e-03	2.9384e+01	2.1490e+01	0.0000e+00	0.0000e+00
5.6250e-03	7.0313e-03	2.8814e+01	2.1607e+01	1.0000e+00	0.0000e+00
5.8594e-03	7.0313e-03	2.8008e+01	2.1562e+01	0.0000e+00	0.0000e+00
6.0938e-03	7.0313e-03	2.7524e+01	2.1558e+01	0.0000e+00	0.0000e+00
6.3281e-03	7.0313e-03	2.6994e+01	2.1633e+01	1.0000e+00	0.0000e+00
6.5625e-03	7.0313e-03	2.6533e+01	2.1639e+01	1.0000e+00	0.0000e+00
6.7969e-03	7.0313e-03	2.5988e+01	2.1572e+01	0.0000e+00	0.0000e+00
7.0313e-03	7.0313e-03	2.5635e+01	2.1590e+01	0.0000e+00	0.0000e+00
7.2656e-03	7.0313e-03	2.5875e+01	2.1624e+01	0.0000e+00	0.0000e+00
2.3438e-04	6.7969e-03	4.4722e+01	2.1462e+01	0.0000e+00	0.0000e+00
4.6875e-04	6.7969e-03	4.4205e+01	2.1527e+01	0.0000e+00	0.0000e+00
7.0313e-04	6.7969e-03	4.4425e+01	2.1389e+01	0.0000e+00	0.0000e+00
9.3750e-04	6.7969e-03	4.4321e+01	2.1550e+01	0.0000e+00	0.0000e+00
1.1719e-03	6.7969e-03	4.4382e+01	2.1597e+01	1.0000e+00	0.0000e+00
1.4063e-03	6.7969e-03	4.4461e+01	2.1679e+01	0.0000e+00	0.0000e+00
1.6406e-03	6.7969e-03	4.4393e+01	2.1622e+01	1.0000e+00	0.0000e+00
1.8750e-03	6.7969e-03	4.4365e+01	2.1610e+01	0.0000e+00	0.0000e+00
2.1094e-03	6.7969e-03	4.4356e+01	2.1633e+01	1.0000e+00	0.0000e+00
2.3438e-03	6.7969e-03	4.4450e+01	2.1623e+01	0.0000e+00	0.0000e+00
2.5781e-03	6.7969e-03	4.4353e+01	2.1740e+01	0.0000e+00	0.0000e+00
2.8125e-03	6.7969e-03	4.4098e+01	2.1609e+01	0.0000e+00	0.0000e+00
3.0469e-03	6.7969e-03	4.3433e+01	2.1321e+01	0.0000e+00	0.0000e+00
3.2813e-03	6.7969e-03	4.1055e+01	2.1286e+01	0.0000e+00	0.0000e+00
3.5156e-03	6.7969e-03	3.9047e+01	2.1513e+01	1.0000e+00	0.0000e+00
3.7500e-03	6.7969e-03	3.7202e+01	2.1497e+01	1.0000e+00	0.0000e+00
3.9844e-03	6.7969e-03	3.5147e+01	2.1411e+01	0.0000e+00	0.0000e+00
4.2188e-03	6.7969e-03	3.3960e+01	2.1512e+01	0.0000e+00	0.0000e+00
4.4531e-03	6.7969e-03	3.2934e+01	2.1557e+01	1.0000e+00	0.0000e+00
4.6875e-03	6.7969e-03	3.1866e+01	2.1595e+01	0.0000e+00	0.0000e+00
4.9219e-03	6.7969e-03	3.0993e+01	2.1538e+01	0.0000e+00	0.0000e+00
5.1563e-03	6.7969e-03	3.0227e+01	2.1559e+01	0.0000e+00	0.0000e+00
5.3906e-03	6.7969e-03	2.9436e+01	2.1532e+01	0.0000e+00	0.0000e+00
5.6250e-03	6.7969e-03	2.8809e+01	2.1599e+01	1.0000e+00	0.0000e+00
5.8594e-03	6.7969e-03	2.8018e+01	2.1563e+01	0.0000e+00	0.0000e+00
6.0938e-03	6.7969e-03	2.7558e+01	2.1619e+01	1.0000e+00	0.0000e+00
6.3281e-03	6.7969e-03	2.6894e+01	2.1565e+01	0.0000e+00	0.0000e+00
6.5625e-03	6.7969e-03	2.6535e+01	2.1635e+01	1.0000e+00	0.0000e+00
6.7969e-03	6.7969e-03	2.6035e+01	2.1690e+01	0.0000e+00	0.0000e+00
7.0313e-03	6.7969e-03	2.5639e+01	2.1665e+01	0.0000e+00	0.0000e+00
7.2656e-03	6.7969e-03	2.5288e+01	2.1521e+01	0.0000e+00	0.0000e+00
2.3438e-04	6.5625e-03	4.4672e+01	2.1473e+01	0.0000e+00	0.0000e+00
4.6875e-04	6.5625e-03	4.4161e+01	2.1509e+01	0.0000e+00	0.0000e+00
7.0313e-04	6.5625e-03	4.4294e+01	2.1518e+01	1.0000e+00	0.0000e+00
9.3750e-04	6.5625e-03	4.4359e+01	2.1556e+01	1.0000e+00	0.0000e+00
1.1719e-03	6.5625e-03	4.4441e+01	2.1560e+01	0.0000e+00	0.0000e+00
1.4063e-03	6.5625e-03	4.4409e+01	2.1634e+01	0.0000e+00	0.0000e+00
1.6406e-03	6.5625e-03	4.4412e+01	2.1591e+01	1.0000e+00	0.0000e+00
1.8750e-03	6.5625e-03	4.4484e+01	2.1522e+01	0.0000e+00	0.0000e+00
2.1094e-03	6.5625e-03	4.4457e+01	2.1564e+01	0.0000e+00	0.0000e+00
2.3438e-03	6.5625e-03	4.4355e+01	2.1568e+01	0.0000e+00	0.0000e+00
2.5781e-03	6.5625e-03	4.4508e+01	2.1471e+01	0.0000e+00	0.0000e+00
2.8125e-03	6.5625e-03	4.4002e+01	2.1224e+01	0.0000e+00	0.0000e+00
3.0469e-03	6.5625e-03	4.3530e+01	2.1064e+01	0.0000e+00	0.0000e+00
3.2813e-03	6.5625e-03	4.0824e+01	2.1414e+01	1.0000e+00	0.0000e+00
3.5156e-03	6.5625e-03	3.8962e+01	2.1430e+01	0.0000e+00	0.0000e+00
3.7500e-03	6.5625e-03	3.7237e+01	2.1454e+01	1.0000e+00	0.0000e+00
3.9844e-03	6.5625e-03	3.5553e+01	2.1493e+01	1.0000e+00	0.0000e+00
4.2188e-03	6.5625e-03	3.4146e+01	2.1510e+01	1.0000e+00	0.0000e+00
4.4531e-03	6.5625e-03	3.2908e+01	2.1520e+01	1.0000e+00	0.0000e+00
4.6875e-03	6.5625e-03	3.1816e+01	2.1530e+01	0.0000e+00	0.0000e+00
4.9219e-03	6.5625e-03	3.0910e+01	2.1543e+01	0.0000e+00	0.0000e+00
5.1563e-03	6.5625e-03	3.0245e+01	2.1552e+01	1.0000e+00	0.0000e+00
5.3906e-03	6.5625e-03	2.9430e+01	2.1576e+01	0.0000e+00	0.0000e+00
5.6250e-03	6.5625e-03	2.8750e+01	2.1524e+01	0.0000e+00	0.0000e+00
5.8594e-03	6.5625e-03	2.8156e+01	2.1555e+01	1.0000e+00	0.0000e+00
6.0938e-03	6.5625e-03	2.7494e+01	2.1563e+01	0.0000e+00	0.0000e+00
6.3281e-03	6.5625e-03	2.6953e+01	2.1570e+01	0.0000e+00	0.0000e+00
6.5625e-03	6.5625e-03	2.6535e+01	2.1598e+01	1.0000e+00	0.0000e+00
6.7969e-03	6.5625e-03	2.6023e+01	2.1678e+01	0.0000e+00	0.0000e+00
7.0313e-03	6.5625e-03	2.5676e+01	2.1668e+01	0.0000e+00	0.0000e+00
7.2656e-03	6.5625e-03	2.5912e+01	2.1616e+01	1.0000e+00	0.0000e+00
2.3438e-04	6.3281e-03	4.3471e+01	2.1157e+01	0.0000e+00	0.0000e+00
4.6875e-04	6.3281e-03	4.4256e+01	2.1503e+01	0.0000e+00	0.0000e+00
7.0313e-04	6.3281e-03	4.4364e+01	2.1510e+01	0.0000e+00	0.0000e+00
9.3750e-04	6.3281e-03	4.4405e+01	2.1525e+01	0.0000e+00	0.0000e+00
1.1719e-03	6.3281e-03	4.4391e+01	2.1547e+01	0.0000e+00	0.0000e+00
1.4063e-03	6.3281e-03	4.4347e+01	2.1590e+01	0.0000e+00	0.0000e+00
1.6406e-03	6.3281e-03	4.4421e+01	2.1591e+01	0.0000e+00	0.0000e+00
1.8750e-03	6.3281e-03	4.4476e+01	2.1550e+01	0.0000e+00	0.0000e+00
2.1094e-03	6.3281e-03	4.4456e+01	2.1519e+01	0.0000e+00	0.0000e+00
2.3438e-03	6.3281e-03	4.4366e+01	2.1472e+01	0.0000e+00	0.0000e+00
2.5781e-03	6.3281e-03	4.4528e+01	2.1392e+01	0.0000e+00	0.0000e+00
2.8125e-03	6.3281e-03	4.4066e+01	2.1232e+01	0.0000e+00	0.0000e+00
3.0469e-03	6.3281e-03	4.2308e+01	2.1359e+01	1.0000e+00	0.0000e+00
3.2813e-03	6.3281e-03	4.0973e+01	2.1212e+01	0.0000e+00	0.0000e+00
3.5156e-03	6.3281e-03	3.8828e+01	2.1462e+01	0.0000e+00	0.0000e+00
3.7500e-03	6.3281e-03	3.6553e+01	2.1581e+01	0.0000e+00	0.0000e+00
3.9844e-03	6.3281e-03	3.5549e+01	2.1494e+01	1.0000e+00	0.0000e+00
4.2188e-03	6.3281e-03	3.4133e+01	2.1513e+01	1.0000e+00	0.0000e+00
4.4531e-03	6.3281e-03	3.2790e+01	2.1537e+01	0.0000e+00	0.0000e+00
4.6875e-03	6.3281e-03	3.1780e+01	2.1526e+01	0.0000e+00	0.0000e+00
4.9219e-03	6.3281e-03	3.0878e+01	2.1522e+01	0.0000e+00	0.0000e+00
5.1563e-03	6.3281e-03	3.0089e+01	2.1564e+01	0.0000e+00	0.0000e+00
5.3906e-03	6.3281e-03	2.9404e+01	2.1584e+01	0.0000e+00	0.0000e+00
5.6250e-03	6.3281e-03	2.8821e+01	2.1539e+01	1.0000e+00	0.0000e+00
5.8594e-03	6.3281e-03	2.8101e+01	2.1562e+01	0.0000e+00	0.0000e+00
6.0938e-03	6.3281e-03	2.7496e+01	2.1605e+01	0.0000e+00	0.0000e+00
6.3281e-03	6.3281e-03	2.6987e+01	2.1572e+01	0.0000e+00	0.0000e+00
6.5625e-03	6.3281e-03	2.6578e+01	2.1584e+01	1.0000e+00	0.0000e+00
6.7969e-03	6.3281e-03	2.5992e+01	2.1655e+01	0.0000e+00	0.0000e+00
7.0313e-03	6.3281e-03	2.5753e+01	2.1656e+01	0.0000e+00	0.0000e+00
7.2656e-03	6.3281e-03	2.5939e+01	2.1596e+01	1.0000e+00	0.0000e+00
2.3438e-04	6.0938e-03	4.3202e+01	2.1560e+01	0.0000e+00	0.0000e+00
4.6875e-04	6.0938e-03	4.4253e+01	2.1506e+01	1.0000e+00	0.0000e+00
7.0313e-04	6.0938e-03	4.4287e+01	2.1517e+01	1.0000e+00	0.0000e+00
9.3750e-04	6.0938e-03	4.4462e+01	2.1493e+01	0.0000e+00	0.0000e+00
1.1719e-03	6.0938e-03	4.4396e+01	2.1552e+01	1.0000e+00	0.0000e+00
1.4063e-03	6.0938e-03	4.4398e+01	2.1549e+01	0.0000e+00	0.0000e+00
1.6406e-03	6.0938e-03	4.4425e+01	2.1514e+01	0.0000e+00	0.0000e+00
1.8750e-03	6.0938e-03	4.4393e+01	2.1518e+01	0.0000e+00	0.0000e+00
2.1094e-03	6.0938e-03	4.4414e+01	2.1490e+01	1.0000e+00	0.0000e+00
2.3438e-03	6.0938e-03	4.4416e+01	2.1525e+01	0.0000e+00	0.0000e+00
2.5781e-03	6.0938e-03	4.4376e+01	2.1313e+01	0.0000e+00	0.0000e+00
2.8125e-03	6.0938e-03	4.4043e+01	2.1219e+01	0.0000e+00	0.0000e+00
3.0469e-03	6.0938e-03	4.2283e+01	2.1350e+01	1.0000e+00	0.0000e+00
3.2813e-03	6.0938e-03	4.1147e+01	2.1251e+01	0.0000e+00	0.0000e+00
3.5156e-03	6.0938e-03	3.8449e+01	2.1407e+01	0.0000e+00	0.0000e+00
3.7500e-03	6.0938e-03	3.7233e+01	2.1458e+01	1.0000e+00	0.0000e+00
3.9844e-03	6.0938e-03	3.5133e+01	2.1405e+01	0.0000e+00	0.0000e+00
4.2188e-03	6.0938e-03	3.4148e+01	2.1521e+01	1.0000e+00	0.0000e+00
4.4531e-03	6.0938e-03	3.2778e+01	2.1542e+01	0.0000e+00	0.0000e+00
4.6875e-03	6.0938e-03	3.1802e+01	2.1578e+01	0.0000e+00	0.0000e+00
4.9219e-03	6.0938e-03	3.0918e+01	2.1600e+01	0.0000e+00	0.0000e+00
5.1563e-03	6.0938e-03	3.0155e+01	2.1562e+01	0.0000e+00	0.0000e+00
5.3906e-03	6.0938e-03	2.9497e+01	2.1528e+01	1.0000e+00	0.0000e+00
5.6250e-03	6.0938e-03	2.8714e+01	2.1479e+01	0.0000e+00	0.0000e+00
5.8594e-03	6.0938e-03	2.8071e+01	2.1463e+01	0.0000e+00	0.0000e+00
6.0938e-03	6.0938e-03	2.7501e+01	2.1503e+01	0.0000e+00	0.0000e+00
6.3281e-03	6.0938e-03	2.6980e+01	2.1515e+01	0.0000e+00	0.0000e+00
6.5625e-03	6.0938e-03	2.6605e+01	2.1560e+01	1.0000e+00	0.0000e+00
6.7969e-03	6.0938e-03	2.6053e+01	2.1546e+01	0.0000e+00	0.0000e+00
7.0313e-03	6.0938e-03	2.5767e+01	2.1482e+01	0.0000e+00	0.0000e+00
7.2656e-03	6.0938e-03	2.7133e+01	2.1671e+01	0.0000e+00	0.0000e+00
2.3438e-04	5.8594e-03	4.4359e+01	2.1481e+01	0.0000e+00	0.0000e+00
4.6875e-04	5.8594e-03	4.4345e+01	2.1687e+01	0.0000e+00	0.0000e+00
7.0313e-04	5.8594e-03	4.4322e+01	2.1555e+01	0.0000e+00	0.0000e+00
9.3750e-04	5.8594e-03	4.4433e+01	2.1495e+01	0.0000e+00	0.0000e+00
1.1719e-03	5.8594e-03	4.4419e+01	2.1588e+01	0.0000e+00	0.0000e+00
1.4063e-03	5.8594e-03	4.4399e+01	2.1628e+01	0.0000e+00	0.0000e+00
1.6406e-03	5.8594e-03	4.4401e+01	2.1576e+01	0.0000e+00	0.0000e+00
1.8750e-03	5.8594e-03	4.4404e+01	2.1520e+01	1.0000e+00	0.0000e+00
2.1094e-03	5.8594e-03	4.4402e+01	2.1479e+01	1.0000e+00	0.0000e+00
2.3438e-03	5.8594e-03	4.4272e+01	2.1434e+01	1.0000e+00	0.0000e+00
2.5781e-03	5.8594e-03	4.4220e+01	2.1357e+01	0.0000e+00	0.0000e+00
2.8125e-03	5.8594e-03	4.4022e+01	2.1307e+01	0.0000e+00	0.0000e+00
3.0469e-03	5.8594e-03	4.3541e+01	2.1294e+01	0.0000e+00	0.0000e+00
3.2813e-03	5.8594e-03	4.1187e+01	2.1348e+01	0.0000e+00	0.0000e+00
3.5156e-03	5.8594e-03	3.9055e+01	2.1473e+01	1.0000e+00	0.0000e+00
3.7500e-03	5.8594e-03	3.6520e+01	2.1536e+01	0.0000e+00	0.0000e+00
3.9844e-03	5.8594e-03	3.5191e+01	2.1443e+01	0.0000e+00	0.0000e+00
4.2188e-03	5.8594e-03	3.4132e+01	2.1537e+01	1.0000e+00	0.0000e+00
4.4531e-03	5.8594e-03	3.2807e+01	2.1566e+01	0.0000e+00	0.0000e+00
4.6875e-03	5.8594e-03	3.1907e+01	2.1549e+01	1.0000e+00	0.0000e+00
4.9219e-03	5.8594e-03	3.0948e+01	2.1535e+01	0.0000e+00	0.0000e+00
5.1563e-03	5.8594e-03	3.0184e+01	2.1502e+01	0.0000e+00	0.0000e+00
5.3906e-03	5.8594e-03	2.9522e+01	2.1486e+01	0.0000e+00	0.0000e+00
5.6250e-03	5.8594e-03	2.8737e+01	2.1453e+01	0.0000e+00	0.0000e+00
5.8594e-03	5.8594e-03	2.8159e+01	2.1501e+01	0.0000e+00	0.0000e+00
6.0938e-03	5.8594e-03	2.7604e+01	2.1515e+01	1.0000e+00	0.0000e+00
6.3281e-03	5.8594e-03	2.7069e+01	2.1526e+01	1.0000e+00	0.0000e+00
6.5625e-03	5.8594e-03	2.6611e+01	2.1532e+01	1.0000e+00	0.0000e+00
6.7969e-03	5.8594e-03	2.6288e+01	2.1543e+01	1.0000e+00	0.0000e+00
7.0313e-03	5.8594e-03	2.6104e+01	2.1549e+01	1.0000e+00	0.0000e+00
7.2656e-03	5.8594e-03	2.5678e+01	2.1404e+01	0.0000e+00	0.0000e+00
2.3438e-04	5.6250e-03	4.4328e+01	2.1526e+01	1.0000e+00	0.0000e+00
4.6875e-04	5.6250e-03	4.4362e+01	2.1524e+01	1.0000e+00	0.0000e+00
7.0313e-04	5.6250e-03	4.4379e+01	2.1531e+01	1.0000e+00	0.0000e+00
9.3750e-04	5.6250e-03	4.4450e+01	2.1506e+01	0.0000e+00	0.0000e+00
1.1719e-03	5.6250e-03	4.4454e+01	2.1562e+01	0.0000e+00	0.0000e+00
1.4063e-03	5.6250e-03	4.4430e+01	2.1540e+01	1.0000e+00	0.0000e+00
1.6406e-03	5.6250e-03	4.4412e+01	2.1563e+01	0.0000e+00	0.0000e+00
1.8750e-03	5.6250e-03	4.4472e+01	2.1434e+01	0.0000e+00	0.0000e+00
2.1094e-03	5.6250e-03	4.4377e+01	2.1479e+01	1.0000e+00	0.0000e+00
2.3438e-03	5.6250e-03	4.4419e+01	2.1435e+01	0.0000e+00	0.0000e+00
2.5781e-03	5.6250e-03	4.4409e+01	2.1388e+01	0.0000e+00	0.0000e+00
2.8125e-03	5.6250e-03	4.3370e+01	2.1430e+01	1.0000e+00	0.0000e+00
3.0469e-03	5.6250e-03	4.3483e+01	2.1456e+01	0.0000e+00	0.0000e+00
3.2813e-03	5.6250e-03	4.1036e+01	2.1467e+01	0.0000e+00	0.0000e+00
3.5156e-03	5.6250e-03	3.9077e+01	2.1508e+01	1.0000e+00	0.0000e+00
3.7500e-03	5.6250e-03	3.7191e+01	2.1531e+01	1.0000e+00	0.0000e+00
3.9844e-03	5.6250e-03	3.5080e+01	2.1526e+01	0.0000e+00	0.0000e+00
4.2188e-03	5.6250e-03	3.3969e+01	2.1555e+01	0.0000e+00	0.0000e+00
4.4531e-03	5.6250e-03	3.2814e+01	2.1619e+01	0.0000e+00	0.0000e+00
4.6875e-03	5.6250e-03	3.1863e+01	2.1532e+01	0.0000e+00	0.0000e+00
4.9219e-03	5.6250e-03	3.0932e+01	2.1563e+01	0.0000e+00	0.0000e+00
5.1563e-03	5.6250e-03	3.0155e+01	2.1613e+01	0.0000e+00	0.0000e+00
5.3906e-03	5.6250e-03	2.9525e+01	2.1512e+01	1.0000e+00	0.0000e+00
5.6250e-03	5.6250e-03	2.8706e+01	2.1418e+01	0.0000e+00	0.0000e+00
5.8594e-03	5.6250e-03	2.8133e+01	2.1490e+01	0.0000e+00	0.0000e+00
6.0938e-03	5.6250e-03	2.7566e+01	2.1501e+01	0.0000e+00	0.0000e+00
6.3281e-03	5.6250e-03	2.7057e+01	2.1520e+01	0.0000e+00	0.0000e+00
6.5625e-03	5.6250e-03	2.6486e+01	2.1613e+01	0.0000e+00	0.0000e+00
6.7969e-03	5.6250e-03	2.6116e+01	2.1433e+01	0.0000e+00	0.0000e+00
7.0313e-03	5.6250e-03	2.6112e+01	2.1513e+01	1.0000e+00	0.0000e+00
7.2656e-03	5.6250e-03	2.5413e+01	2.1569e+01	0.0000e+00	0.0000e+00
2.3438e-04	5.3906e-03	4.4559e+01	2.1385e+01	0.0000e+00	0.0000e+00
4.6875e-04	5.3906e-03	4.4449e+01	2.1529e+01	1.0000e+00	0.0000e+00
7.0313e-04	5.3906e-03	4.4448e+01	2.1536e+01	1.0000e+00	0.0000e+00
9.3750e-04	5.3906e-03	4.4486e+01	2.1563e+01	0.0000e+00	0.0000e+00
1.1719e-03	5.3906e-03	4.4509e+01	2.1561e+01	0.0000e+00	0.0000e+00
1.4063e-03	5.3906e-03	4.4413e+01	2.1595e+01	0.0000e+00	0.0000e+00
1.6406e-03	5.3906e-03	4.4426e+01	2.1536e+01	1.0000e+00	0.0000e+00
1.8750e-03	5.3906e-03	4.4393e+01	2.1507e+01	0.0000e+00	0.0000e+00
2.1094e-03	5.3906e-03	4.4352e+01	2.1477e+01	0.0000e+00	0.0000e+00
2.3438e-03	5.3906e-03	4.4334e+01	2.1477e+01	0.0000e+00	0.0000e+00
2.5781e-03	5.3906e-03	4.4389e+01	2.1447e+01	0.0000e+00	0.0000e+00
2.8125e-03	5.3906e-03	4.3326e+01	2.1479e+01	1.0000e+00	0.0000e+00
3.0469e-03	5.3906e-03	4.3507e+01	2.1705e+01	0.0000e+00	0.0000e+00
3.2813e-03	5.3906e-03	4.1041e+01	2.1650e+01	0.0000e+00	0.0000e+00
3.5156e-03	5.3906e-03	3.8630e+01	2.1659e+01	0.0000e+00	0.0000e+00
3.7500e-03	5.3906e-03	3.6643e+01	2.1642e+01	0.0000e+00	0.0000e+00
3.9844e-03	5.3906e-03	3.5120e+01	2.1635e+01	0.0000e+00	0.0000e+00
4.2188e-03	5.3906e-03	3.4084e+01	2.1570e+01	1.0000e+00	0.0000e+00
4.4531e-03	5.3906e-03	3.2786e+01	2.1486e+01	0.0000e+00	0.0000e+00
4.6875e-03	5.3906e-03	3.1822e+01	2.1546e+01	0.0000e+00	0.0000e+00
4.9219e-03	5.3906e-03	3.1075e+01	2.1543e+01	1.0000e+00	0.0000e+00
5.1563e-03	5.3906e-03	3.0152e+01	2.1513e+01	0.0000e+00	0.0000e+00
5.3906e-03	5.3906e-03	2.9547e+01	2.1501e+01	1.0000e+00	0.0000e+00
5.6250e-03	5.3906e-03	2.8869e+01	2.1485e+01	1.0000e+00	0.0000e+00
5.8594e-03	5.3906e-03	2.8224e+01	2.1469e+01	1.0000e+00	0.0000e+00
6.0938e-03	5.3906e-03	2.7582e+01	2.1491e+01	0.0000e+00	0.0000e+00
6.3281e-03	5.3906e-03	2.7075e+01	2.1477e+01	1.0000e+00	0.0000e+00
6.5625e-03	5.3906e-03	2.6481e+01	2.1514e+01	0.0000e+00	0.0000e+00
6.7969e-03	5.3906e-03	2.6087e+01	2.1466e+01	0.0000e+00	0.0000e+00
7.0313e-03	5.3906e-03	2.5602e+01	2.1428e+01	0.0000e+00	0.0000e+00
7.2656e-03	5.3906e-03	2.5624e+01	2.1639e+01	0.0000e+00	0.0000e+00
2.3438e-04	5.1563e-03	4.4777e+01	2.1427e+01	0.0000e+00	0.0000e+00
4.6875e-04	5.1563e-03	4.4477e+01	2.1527e+01	1.0000e+00	0.0000e+00
7.0313e-04	5.1563e-03	4.4415e+01	2.1607e+01	0.0000e+00	0.0000e+00
9.3750e-04	5.1563e-03	4.4479e+01	2.1540e+01	0.0000e+00	0.0000e+00
1.1719e-03	5.1563e-03	4.4452e+01	2.1522e+01	0.0000e+00	0.0000e+00
1.4063e-03	5.1563e-03	4.4371e+01	2.1576e+01	0.0000e+00	0.0000e+00
1.6406e-03	5.1563e-03	4.4429e+01	2.1533e+01	1.0000e+00	0.0000e+00
1.8750e-03	5.1563e-03	4.4411e+01	2.1521e+01	1.0000e+00	0.0000e+00
2.1094e-03	5.1563e-03	4.4411e+01	2.1509e+01	0.0000e+00	0.0000e+00
2.3438e-03	5.1563e-03	4.4253e+01	2.1468e+01	0.0000e+00	0.0000e+00
2.5781e-03	5.1563e-03	4.3967e+01	2.1500e+01	1.0000e+00	0.0000e+00
2.8125e-03	5.1563e-03	4.4113e+01	2.1334e+01	0.0000e+00	0.0000e+00
3.0469e-03	5.1563e-03	4.3443e+01	2.1449e+01	0.0000e+00	0.0000e+00
3.2813e-03	5.1563e-03	4.1067e+01	2.1693e+01	0.0000e+00	0.0000e+00
3.5156e-03	5.1563e-03	3.8800e+01	2.1623e+01	0.0000e+00	0.0000e+00
3.7500e-03	5.1563e-03	3.6685e+01	2.1548e+01	0.0000e+00	0.0000e+00
3.9844e-03	5.1563e-03	3.5175e+01	2.1649e+01	0.0000e+00	0.0000e+00
4.2188e-03	5.1563e-03	3.3853e+01	2.1605e+01	0.0000e+00	0.0000e+00
4.4531e-03	5.1563e-03	3.2923e+01	2.1578e+01	1.0000e+00	0.0000e+00
4.6875e-03	5.1563e-03	3.1724e+01	2.1565e+01	0.0000e+00	0.0000e+00
4.9219e-03	5.1563e-03	3.0869e+01	2.1571e+01	0.0000e+00	0.0000e+00
5.1563e-03	5.1563e-03	3.0139e+01	2.1591e+01	0.0000e+00	0.0000e+00
5.3906e-03	5.1563e-03	2.9557e+01	2.1501e+01	1.0000e+00	0.0000e+00
5.6250e-03	5.1563e-03	2.8765e+01	2.1478e+01	0.0000e+00	0.0000e+00
5.8594e-03	5.1563e-03	2.8222e+01	2.1468e+01	1.0000e+00	0.0000e+00
6.0938e-03	5.1563e-03	2.7533e+01	2.1474e+01	0.0000e+00	0.0000e+00
6.3281e-03	5.1563e-03	2.7054e+01	2.1460e+01	1.0000e+00	0.0000e+00
6.5625e-03	5.1563e-03	2.6556e+01	2.1463e+01	0.0000e+00	0.0000e+00
6.7969e-03	5.1563e-03	2.6195e+01	2.1464e+01	0.0000e+00	0.0000e+00
7.0313e-03	5.1563e-03	2.5759e+01	2.1466e+01	0.0000e+00	0.0000e+00
7.2656e-03	5.1563e-03	2.5829e+01	2.1405e+01	1.0000e+00	0.0000e+00
2.3438e-04	4.9219e-03	4.4499e+01	2.1528e+01	1.0000e+00	0.0000e+00
4.6875e-04	4.9219e-03	4.4483e+01	2.1533e+01	1.0000e+00	0.0000e+00
7.0313e-04	4.9219e-03	4.4470e+01	2.1560e+01	0.0000e+00	0.0000e+00
9.3750e-04	4.9219e-03	4.4444e+01	2.1551e+01	0.0000e+00	0.0000e+00
1.1719e-03	4.9219e-03	4.4392e+01	2.1584e+01	0.0000e+00	0.0000e+00
1.4063e-03	4.9219e-03	4.4438e+01	2.1548e+01	1.0000e+00	0.0000e+00
1.6406e-03	4.9219e-03	4.4521e+01	2.1522e+01	0.0000e+00	0.0000e+00
1.8750e-03	4.9219e-03	4.4566e+01	2.1520e+01	0.0000e+00	0.0000e+00
2.1094e-03	4.9219e-03	4.4390e+01	2.1522e+01	1.0000e+00	0.0000e+00
2.3438e-03	4.9219e-03	4.4355e+01	2.1513e+01	0.0000e+00	0.0000e+00
2.5781e-03	4.9219e-03	4.4391e+01	2.1413e+01	0.0000e+00	0.0000e+00
2.8125e-03	4.9219e-03	4.3032e+01	2.1550e+01	1.0000e+00	0.0000e+00
3.0469e-03	4.9219e-03	4.3479e+01	2.1804e+01	0.0000e+00	0.0000e+00
3.2813e-03	4.9219e-03	4.0370e+01	2.1584e+01	1.0000e+00	0.0000e+00
3.5156e-03	4.9219e-03	3.8802e+01	2.1688e+01	0.0000e+00	0.0000e+00
3.7500e-03	4.9219e-03	3.6646e+01	2.1578e+01	0.0000e+00	0.0000e+00
3.9844e-03	4.9219e-03	3.5131e+01	2.1638e+01	0.0000e+00	0.0000e+00
4.2188e-03	4.9219e-03	3.3904e+01	2.1635e+01	0.0000e+00	0.0000e+00
4.4531e-03	4.9219e-03	3.2703e+01	2.1590e+01	0.0000e+00	0.0000e+00
4.6875e-03	4.9219e-03	3.1722e+01	2.1570e+01	0.0000e+00	0.0000e+00
4.9219e-03	4.9219e-03	3.0850e+01	2.1504e+01	0.0000e+00	0.0000e+00
5.1563e-03	4.9219e-03	3.0297e+01	2.1528e+01	1.0000e+00	0.0000e+00
5.3906e-03	4.9219e-03	2.9553e+01	2.1479e+01	0.0000e+00	0.0000e+00
5.6250e-03	4.9219e-03	2.8849e+01	2.1362e+01	0.0000e+00	0.0000e+00
5.8594e-03	4.9219e-03	2.8219e+01	2.1474e+01	1.0000e+00	0.0000e+00
6.0938e-03	4.9219e-03	2.7516e+01	2.1339e+01	0.0000e+00	0.0000e+00
6.3281e-03	4.9219e-03	2.6956e+01	2.1366e+01	0.0000e+00	0.0000e+00
6.5625e-03	4.9219e-03	2.6555e+01	2.1473e+01	0.0000e+00	0.0000e+00
6.7969e-03	4.9219e-03	2.6195e+01	2.1407e+01	1.0000e+00	0.0000e+00
7.0313e-03	4.9219e-03	2.5878e+01	2.1438e+01	0.0000e+00	0.0000e+00
7.2656e-03	4.9219e-03	2.5699e+01	2.1159e+01	0.0000e+00	0.0000e+00
2.3438e-04	4.6875e-03	4.4670e+01	2.1519e+01	0.0000e+00	0.0000e+00
4.6875e-04	4.6875e-03	4.4487e+01	2.1555e+01	1.0000e+00	0.0000e+00
7.0313e-04	4.6875e-03	4.4473e+01	2.1556e+01	1.0000e+00	0.0000e+00
9.3750e-04	4.6875e-03	4.4382e+01	2.1563e+01	0.0000e+00	0.0000e+00
1.1719e-03	4.6875e-03	4.4387e+01	2.1551e+01	0.0000e+00	0.0000e+00
1.4063e-03	4.6875e-03	4.4435e+01	2.1552e+01	1.0000e+00	0.0000e+00
1.6406e-03	4.6875e-03	4.4432e+01	2.1551e+01	1.0000e+00	0.0000e+00
1.8750e-03	4.6875e-03	4.4418e+01	2.1548e+01	1.0000e+00	0.0000e+00
2.1094e-03	4.6875e-03	4.4384e+01	2.1539e+01	1.0000e+00	0.0000e+00
2.3438e-03	4.6875e-03	4.4392e+01	2.1603e+01	0.0000e+00	0.0000e+00
2.5781e-03	4.6875e-03	4.4381e+01	2.1493e+01	0.0000e+00	0.0000e+00
2.8125e-03	4.6875e-03	4.2918e+01	2.1561e+01	1.0000e+00	0.0000e+00
3.0469e-03	4.6875e-03	4.1792e+01	2.1562e+01	1.0000e+00	0.0000e+00
3.2813e-03	4.6875e-03	4.0262e+01	2.1574e+01	1.0000e+00	0.0000e+00
3.5156e-03	4.6875e-03	3.8759e+01	2.1508e+01	0.0000e+00	0.0000e+00
3.7500e-03	4.6875e-03	3.6607e+01	2.1642e+01	0.0000e+00	0.0000e+00
3.9844e-03	4.6875e-03	3.5100e+01	2.1644e+01	0.0000e+00	0.0000e+00
4.2188e-03	4.6875e-03	3.3897e+01	2.1565e+01	0.0000e+00	0.0000e+00
4.4531e-03	4.6875e-03	3.2781e+01	2.1600e+01	0.0000e+00	0.0000e+00
4.6875e-03	4.6875e-03	3.1782e+01	2.1610e+01	0.0000e+00	0.0000e+00
4.9219e-03	4.6875e-03	3.0941e+01	2.1552e+01	0.0000e+00	0.0000e+00
5.1563e-03	4.6875e-03	3.0128e+01	2.1435e+01	0.0000e+00	0.0000e+00
5.3906e-03	4.6875e-03	2.9562e+01	2.1518e+01	1.0000e+00	0.0000e+00
5.6250e-03	4.6875e-03	2.8888e+01	2.1502e+01	1.0000e+00	0.0000e+00
5.8594e-03	4.6875e-03	2.8199e+01	2.1485e+01	1.0000e+00	0.0000e+00
6.0938e-03	4.6875e-03	2.7524e+01	2.1504e+01	0.0000e+00	0.0000e+00
6.3281e-03	4.6875e-03	2.7049e+01	2.1454e+01	1.0000e+00	0.0000e+00
6.5625e-03	4.6875e-03	2.6532e+01	2.1436e+01	0.0000e+00	0.0000e+00
6.7969e-03	4.6875e-03	2.6029e+01	2.1321e+01	0.0000e+00	0.0000e+00
7.0313e-03	4.6875e-03	2.5936e+01	2.1280e+01	0.0000e+00	0.0000e+00
7.2656e-03	4.6875e-03	2.5158e+01	2.1112e+01	0.0000e+00	0.0000e+00
2.3438e-04	4.4531e-03	4.4287e+01	2.1542e+01	0.0000e+00	0.0000e+00
4.6875e-04	4.4531e-03	4.4498e+01	2.1579e+01	1.0000e+00	0.0000e+00
7.0313e-04	4.4531e-03	4.4418e+01	2.1563e+01	0.0000e+00	0.0000e+00
9.3750e-04	4.4531e-03	4.4383e+01	2.1529e+01	0.0000e+00	0.0000e+00
1.1719e-03	4.4531e-03	4.4433e+01	2.1570e+01	0.0000e+00	0.0000e+00
1.4063e-03	4.4531e-03	4.4438e+01	2.1561e+01	1.0000e+00	0.0000e+00
1.6406e-03	4.4531e-03	4.4436e+01	2.1559e+01	1.0000e+00	0.0000e+00
1.8750e-03	4.4531e-03	4.4427e+01	2.1557e+01	1.0000e+00	0.0000e+00
2.1094e-03	4.4531e-03	4.4427e+01	2.1631e+01	0.0000e+00	0.0000e+00
2.3438e-03	4.4531e-03	4.4263e+01	2.1565e+01	1.0000e+00	0.0000e+00
2.5781e-03	4.4531e-03	4.4266e+01	2.1564e+01	0.0000e+00	0.0000e+00
2.8125e-03	4.4531e-03	4.2908e+01	2.1596e+01	1.0000e+00	0.0000e+00
3.0469e-03	4.4531e-03	4.1768e+01	2.1593e+01	1.0000e+00	0.0000e+00
3.2813e-03	4.4531e-03	4.0237e+01	2.1600e+01	1.0000e+00	0.0000e+00
3.5156e-03	4.4531e-03	3.8633e+01	2.1448e+01	0.0000e+00	0.0000e+00
3.7500e-03	4.4531e-03	3.6517e+01	2.1547e+01	0.0000e+00	0.0000e+00
3.9844e-03	4.4531e-03	3.5438e+01	2.1568e+01	1.0000e+00	0.0000e+00
4.2188e-03	4.4531e-03	3.3891e+01	2.1481e+01	0.0000e+00	0.0000e+00
4.4531e-03	4.4531e-03	3.2942e+01	2.1568e+01	1.0000e+00	0.0000e+00
4.6875e-03	4.4531e-03	3.1779e+01	2.1571e+01	0.0000e+00	0.0000e+00
4.9219e-03	4.4531e-03	3.0944e+01	2.1564e+01	0.0000e+00	0.0000e+00
5.1563e-03	4.4531e-03	3.0292e+01	2.1539e+01	1.0000e+00	0.0000e+00
5.3906e-03	4.4531e-03	2.9503e+01	2.1542e+01	0.0000e+00	0.0000e+00
5.6250e-03	4.4531e-03	2.8861e+01	2.1630e+01	0.0000e+00	0.0000e+00
5.8594e-03	4.4531e-03	2.8187e+01	2.1497e+01	1.0000e+00	0.0000e+00
6.0938e-03	4.4531e-03	2.7513e+01	2.1487e+01	0.0000e+00	0.0000e+00
6.3281e-03	4.4531e-03	2.7059e+01	2.1465e+01	1.0000e+00	0.0000e+00
6.5625e-03	4.4531e-03	2.6551e+01	2.1420e+01	0.0000e+00	0.0000e+00
6.7969e-03	4.4531e-03	2.6206e+01	2.1410e+01	1.0000e+00	0.0000e+00
7.0313e-03	4.4531e-03	2.6017e+01	2.1401e+01	1.0000e+00	0.0000e+00
7.2656e-03	4.4531e-03	2.5645e+01	2.1301e+01	0.0000e+00	0.0000e+00
2.3438e-04	4.2188e-03	4.4624e+01	2.1651e+01	0.0000e+00	0.0000e+00
4.6875e-04	4.2188e-03	4.4500e+01	2.1602e+01	1.0000e+00	0.0000e+00
7.0313e-04	4.2188e-03	4.4485e+01	2.1597e+01	1.0000e+00	0.0000e+00
9.3750e-04	4.2188e-03	4.4446e+01	2.1580e+01	1.0000e+00	0.0000e+00
1.1719e-03	4.2188e-03	4.4436e+01	2.1574e+01	1.0000e+00	0.0000e+00
1.4063e-03	4.2188e-03	4.4433e+01	2.1570e+01	1.0000e+00	0.0000e+00
1.6406e-03	4.2188e-03	4.4430e+01	2.1571e+01	1.0000e+00	0.0000e+00
1.8750e-03	4.2188e-03	4.4462e+01	2.1530e+01	0.0000e+00	0.0000e+00
2.1094e-03	4.2188e-03	4.4397e+01	2.1564e+01	0.0000e+00	0.0000e+00
2.3438e-03	4.2188e-03	4.4267e+01	2.1586e+01	1.0000e+00	0.0000e+00
2.5781e-03	4.2188e-03	4.3827e+01	2.1600e+01	1.0000e+00	0.0000e+00
2.8125e-03	4.2188e-03	4.2948e+01	2.1607e+01	1.0000e+00	0.0000e+00
3.0469e-03	4.2188e-03	4.1821e+01	2.1598e+01	1.0000e+00	0.0000e+00
3.2813e-03	4.2188e-03	4.0298e+01	2.1600e+01	1.0000e+00	0.0000e+00
3.5156e-03	4.2188e-03	3.8591e+01	2.1503e+01	0.0000e+00	0.0000e+00
3.7500e-03	4.2188e-03	3.6571e+01	2.1562e+01	0.0000e+00	0.0000e+00
3.9844e-03	4.2188e-03	3.5443e+01	2.1557e+01	1.0000e+00	0.0000e+00
4.2188e-03	4.2188e-03	3.3934e+01	2.1536e+01	0.0000e+00	0.0000e+00
4.4531e-03	4.2188e-03	3.2750e+01	2.1538e+01	0.0000e+00	0.0000e+00
4.6875e-03	4.2188e-03	3.1734e+01	2.1546e+01	0.0000e+00	0.0000e+00
4.9219e-03	4.2188e-03	3.0977e+01	2.1540e+01	0.0000e+00	0.0000e+00
5.1563e-03	4.2188e-03	3.0310e+01	2.1553e+01	1.0000e+00	0.0000e+00
5.3906e-03	4.2188e-03	2.9579e+01	2.1542e+01	1.0000e+00	0.0000e+00
5.6250e-03	4.2188e-03	2.8759e+01	2.1549e+01	0.0000e+00	0.0000e+00
5.8594e-03	4.2188e-03	2.8013e+01	2.1564e+01	0.0000e+00	0.0000e+00
6.0938e-03	4.2188e-03	2.7587e+01	2.1506e+01	1.0000e+00	0.0000e+00
6.3281e-03	4.2188e-03	2.7056e+01	2.1488e+01	1.0000e+00	0.0000e+00
6.5625e-03	4.2188e-03	2.6517e+01	2.1496e+01	0.0000e+00	0.0000e+00
6.7969e-03	4.2188e-03	2.6133e+01	2.1486e+01	0.0000e+00	0.0000e+00
7.0313e-03	4.2188e-03	2.5643e+01	2.1442e+01	0.0000e+00	0.0000e+00
7.2656e-03	4.2188e-03	2.5873e+01	2.1458e+01	0.0000e+00	0.0000e+00
2.3438e-04	3.9844e-03	4.4971e+01	2.1706e+01	0.0000e+00	0.0000e+00
4.6875e-04	3.9844e-03	4.4493e+01	2.1612e+01	1.0000e+00	0.0000e+00
7.0313e-04	3.9844e-03	4.4482e+01	2.1605e+01	1.0000e+00	0.0000e+00
9.3750e-04	3.9844e-03	4.4429e+01	2.1633e+01	0.0000e+00	0.0000e+00
1.1719e-03	3.9844e-03	4.4444e+01	2.1572e+01	1.0000e+00	0.0000e+00
1.4063e-03	3.9844e-03	4.4442e+01	2.1567e+01	1.0000e+00	0.0000e+00
1.6406e-03	3.9844e-03	4.4434e+01	2.1569e+01	1.0000e+00	0.0000e+00
1.8750e-03	3.9844e-03	4.4478e+01	2.1576e+01	0.0000e+00	0.0000e+00
2.1094e-03	3.9844e-03	4.4363e+01	2.1585e+01	1.0000e+00	0.0000e+00
2.3438e-03	3.9844e-03	4.4371e+01	2.1525e+01	0.0000e+00	0.0000e+00
2.5781e-03	3.9844e-03	4.3878e+01	2.1629e+01	1.0000e+00	0.0000e+00
2.8125e-03	3.9844e-03	4.4144e+01	2.1760e+01	0.0000e+00	0.0000e+00
3.0469e-03	3.9844e-03	4.3065e+01	2.1766e+01	0.0000e+00	0.0000e+00
3.2813e-03	3.9844e-03	4.1095e+01	2.1626e+01	0.0000e+00	0.0000e+00
3.5156e-03	3.9844e-03	3.8557e+01	2.1568e+01	0.0000e+00	0.0000e+00
3.7500e-03	3.9844e-03	3.6984e+01	2.1578e+01	1.0000e+00	0.0000e+00
3.9844e-03	3.9844e-03	3.5007e+01	2.1524e+01	0.0000e+00	0.0000e+00
4.2188e-03	3.9844e-03	3.3848e+01	2.1588e+01	0.0000e+00	0.0000e+00
4.4531e-03	3.9844e-03	3.2989e+01	2.1559e+01	1.0000e+00	0.0000e+00
4.6875e-03	3.9844e-03	3.1832e+01	2.1594e+01	0.0000e+00	0.0000e+00
4.9219e-03	3.9844e-03	3.1117e+01	2.1561e+01	1.0000e+00	0.0000e+00
5.1563e-03	3.9844e-03	3.0308e+01	2.1564e+01	1.0000e+00	0.0000e+00
5.3906e-03	3.9844e-03	2.9541e+01	2.1555e+01	1.0000e+00	0.0000e+00
5.6250e-03	3.9844e-03	2.8828e+01	2.1541e+01	1.0000e+00	0.0000e+00
5.8594e-03	3.9844e-03	2.8080e+01	2.1604e+01	0.0000e+00	0.0000e+00
6.0938e-03	3.9844e-03	2.7574e+01	2.1511e+01	1.0000e+00	0.0000e+00
6.3281e-03	3.9844e-03	2.7059e+01	2.1456e+01	0.0000e+00	0.0000e+00
6.5625e-03	3.9844e-03	2.6577e+01	2.1491e+01	1.0000e+00	0.0000e+00
6.7969e-03	3.9844e-03	2.6072e+01	2.1511e+01	0.0000e+00	0.0000e+00
7.0313e-03	3.9844e-03	2.5598e+01	2.1521e+01	0.0000e+00	0.0000e+00
7.2656e-03	3.9844e-03	2.5859e+01	2.1481e+01	1.0000e+00	0.0000e+00
2.3438e-04	3.7500e-03	4.4638e+01	2.1819e+01	0.0000e+00	0.0000e+00
4.6875e-04	3.7500e-03	4.4421e+01	2.1635e+01	0.0000e+00	0.0000e+00
7.0313e-04	3.7500e-03	4.4439e+01	2.1582e+01	0.0000e+00	0.0000e+00
9.3750e-04	3.7500e-03	4.4457e+01	2.1580e+01	1.0000e+00	0.0000e+00
1.1719e-03	3.7500e-03	4.4442e+01	2.1619e+01	0.0000e+00	0.0000e+00
1.4063e-03	3.7500e-03	4.4448e+01	2.1562e+01	1.0000e+00	0.0000e+00
1.6406e-03	3.7500e-03	4.4426e+01	2.1583e+01	0.0000e+00	0.0000e+00
1.8750e-03	3.7500e-03	4.4458e+01	2.1615e+01	0.0000e+00	0.0000e+00
2.1094e-03	3.7500e-03	4.4392e+01	2.1596e+01	0.0000e+00	0.0000e+00
2.3438e-03	3.7500e-03	4.4202e+01	2.1613e+01	1.0000e+00	0.0000e+00
2.5781e-03	3.7500e-03	4.4139e+01	2.1548e+01	0.0000e+00	0.0000e+00
2.8125e-03	3.7500e-03	4.4146e+01	2.1653e+01	0.0000e+00	0.0000e+00
3.0469e-03	3.7500e-03	4.3202e+01	2.1678e+01	0.0000e+00	0.0000e+00
3.2813e-03	3.7500e-03	4.0572e+01	2.1645e+01	1.0000e+00	0.0000e+00
3.5156e-03	3.7500e-03	3.8866e+01	2.1616e+01	1.0000e+00	0.0000e+00
3.7500e-03	3.7500e-03	3.6560e+01	2.1611e+01	0.0000e+00	0.0000e+00
3.9844e-03	3.7500e-03	3.5459e+01	2.1553e+01	1.0000e+00	0.0000e+00
4.2188e-03	3.7500e-03	3.3806e+01	2.1542e+01	0.0000e+00	0.0000e+00
4.4531e-03	3.7500e-03	3.2754e+01	2.1519e+01	0.0000e+00	0.0000e+00
4.6875e-03	3.7500e-03	3.1842e+01	2.1581e+01	0.0000e+00	0.0000e+00
4.9219e-03	3.7500e-03	3.1131e+01	2.1568e+01	1.0000e+00	0.0000e+00
5.1563e-03	3.7500e-03	3.0315e+01	2.1568e+01	1.0000e+00	0.0000e+00
5.3906e-03	3.7500e-03	2.9456e+01	2.1570e+01	0.0000e+00	0.0000e+00
5.6250e-03	3.7500e-03	2.8793e+01	2.1519e+01	0.0000e+00	0.0000e+00
5.8594e-03	3.7500e-03	2.8146e+01	2.1473e+01	0.0000e+00	0.0000e+00
6.0938e-03	3.7500e-03	2.7525e+01	2.1525e+01	0.0000e+00	0.0000e+00
6.3281e-03	3.7500e-03	2.7044e+01	2.1538e+01	0.0000e+00	0.0000e+00
6.5625e-03	3.7500e-03	2.6567e+01	2.1513e+01	1.0000e+00	0.0000e+00
6.7969e-03	3.7500e-03	2.5989e+01	2.1577e+01	0.0000e+00	0.0000e+00
7.0313e-03	3.7500e-03	2.5619e+01	2.1599e+01	0.0000e+00	0.0000e+00
7.2656e-03	3.7500e-03	2.5816e+01	2.1511e+01	1.0000e+00	0.0000e+00
2.3438e-04	3.5156e-03	4.4469e+01	2.1610e+01	1.0000e+00	0.0000e+00
4.6875e-04	3.5156e-03	4.4462e+01	2.1601e+01	1.0000e+00	0.0000e+00
7.0313e-04	3.5156e-03	4.4458e+01	2.1589e+01	1.0000e+00	0.0000e+00
9.3750e-04	3.5156e-03	4.4471e+01	2.1583e+01	0.0000e+00	0.0000e+00
1.1719e-03	3.5156e-03	4.4451e+01	2.1551e+01	1.0000e+00	0.0000e+00
1.4063e-03	3.5156e-03	4.4479e+01	2.1517e+01	0.0000e+00	0.0000e+00
1.6406e-03	3.5156e-03	4.4459e+01	2.1495e+01	0.0000e+00	0.0000e+00
1.8750e-03	3.5156e-03	4.4410e+01	2.1556e+01	1.0000e+00	0.0000e+00
2.1094e-03	3.5156e-03	4.4354e+01	2.1572e+01	0.0000e+00	0.0000e+00
2.3438e-03	3.5156e-03	4.4415e+01	2.1631e+01	0.0000e+00	0.0000e+00
2.5781e-03	3.5156e-03	4.4232e+01	2.1768e+01	0.0000e+00	0.0000e+00
2.8125e-03	3.5156e-03	4.3271e+01	2.1676e+01	1.0000e+00	0.0000e+00
3.0469e-03	3.5156e-03	4.3544e+01	2.1754e+01	0.0000e+00	0.0000e+00
3.2813e-03	3.5156e-03	4.1432e+01	2.1779e+01	0.0000e+00	0.0000e+00
3.5156e-03	3.5156e-03	3.8593e+01	2.1579e+01	0.0000e+00	0.0000e+00
3.7500e-03	3.5156e-03	3.7122e+01	2.1582e+01	1.0000e+00	0.0000e+00
3.9844e-03	3.5156e-03	3.5161e+01	2.1663e+01	0.0000e+00	0.0000e+00
4.2188e-03	3.5156e-03	3.3908e+01	2.1576e+01	0.0000e+00	0.0000e+00
4.4531e-03	3.5156e-03	3.2766e+01	2.1533e+01	0.0000e+00	0.0000e+00
4.6875e-03	3.5156e-03	3.2050e+01	2.1576e+01	1.0000e+00	0.0000e+00
4.9219e-03	3.5156e-03	3.0905e+01	2.1590e+01	0.0000e+00	0.0000e+00
5.1563e-03	3.5156e-03	3.0157e+01	2.1599e+01	0.0000e+00	0.0000e+00
5.3906e-03	3.5156e-03	2.9541e+01	2.1569e+01	1.0000e+00	0.0000e+00
5.6250e-03	3.5156e-03	2.8802e+01	2.1552e+01	1.0000e+00	0.0000e+00
5.8594e-03	3.5156e-03	2.8148e+01	2.1532e+01	1.0000e+00	0.0000e+00
6.0938e-03	3.5156e-03	2.7506e+01	2.1425e+01	0.0000e+00	0.0000e+00
6.3281e-03	3.5156e-03	2.6984e+01	2.1477e+01	0.0000e+00	0.0000e+00
6.5625e-03	3.5156e-03	2.6529e+01	2.1522e+01	1.0000e+00	0.0000e+00
6.7969e-03	3.5156e-03	2.5987e+01	2.1507e+01	0.0000e+00	0.0000e+00
7.0313e-03	3.5156e-03	2.5939e+01	2.1516e+01	1.0000e+00	0.0000e+00
7.2656e-03	3.5156e-03	2.5751e+01	2.1513e+01	1.0000e+00	0.0000e+00
2.3438e-04	3.2813e-03	4.4170e+01	2.1521e+01	0.0000e+00	0.0000e+00
4.6875e-04	3.2813e-03	4.4445e+01	2.1579e+01	1.0000e+00	0.0000e+00
7.0313e-04	3.2813e-03	4.4445e+01	2.1570e+01	1.0000e+00	0.0000e+00
9.3750e-04	3.2813e-03	4.4426e+01	2.1563e+01	0.0000e+00	0.0000e+00
1.1719e-03	3.2813e-03	4.4481e+01	2.1524e+01	0.0000e+00	0.0000e+00
1.4063e-03	3.2813e-03	4.4509e+01	2.1494e+01	0.0000e+00	0.0000e+00
1.6406e-03	3.2813e-03	4.4435e+01	2.1532e+01	1.0000e+00	0.0000e+00
1.8750e-03	3.2813e-03	4.4404e+01	2.1544e+01	1.0000e+00	0.0000e+00
2.1094e-03	3.2813e-03	4.4339e+01	2.1576e+01	1.0000e+00	0.0000e+00
2.3438e-03	3.2813e-03	4.4163e+01	2.1602e+01	1.0000e+00	0.0000e+00
2.5781e-03	3.2813e-03	4.3912e+01	2.1637e+01	1.0000e+00	0.0000e+00
2.8125e-03	3.2813e-03	4.3282e+01	2.1661e+01	1.0000e+00	0.0000e+00
3.0469e-03	3.2813e-03	4.3297e+01	2.1945e+01	0.0000e+00	0.0000e+00
3.2813e-03	3.2813e-03	4.0667e+01	2.1638e+01	1.0000e+00	0.0000e+00
3.5156e-03	3.2813e-03	3.8975e+01	2.1619e+01	1.0000e+00	0.0000e+00
3.7500e-03	3.2813e-03	3.6700e+01	2.1440e+01	0.0000e+00	0.0000e+00
3.9844e-03	3.2813e-03	3.5223e+01	2.1420e+01	0.0000e+00	0.0000e+00
4.2188e-03	3.2813e-03	3.3988e+01	2.1511e+01	0.0000e+00	0.0000e+00
4.4531e-03	3.2813e-03	3.2846e+01	2.1557e+01	0.0000e+00	0.0000e+00
4.6875e-03	3.2813e-03	3.2030e+01	2.1578e+01	1.0000e+00	0.0000e+00
4.9219e-03	3.2813e-03	3.1122e+01	2.1585e+01	1.0000e+00	0.0000e+00
5.1563e-03	3.2813e-03	3.0130e+01	2.1653e+01	0.0000e+00	0.0000e+00
5.3906e-03	3.2813e-03	2.9528e+01	2.1574e+01	1.0000e+00	0.0000e+00
5.6250e-03	3.2813e-03	2.8757e+01	2.1535e+01	0.0000e+00	0.0000e+00
5.8594e-03	3.2813e-03	2.8176e+01	2.1496e+01	0.0000e+00	0.0000e+00
6.0938e-03	3.2813e-03	2.7565e+01	2.1506e+01	0.0000e+00	0.0000e+00
6.3281e-03	3.2813e-03	2.6961e+01	2.1560e+01	0.0000e+00	0.0000e+00
6.5625e-03	3.2813e-03	2.6513e+01	2.1550e+01	0.0000e+00	0.0000e+00
6.7969e-03	3.2813e-03	2.5986e+01	2.1539e+01	0.0000e+00	0.0000e+00
7.0313e-03	3.2813e-03	2.5887e+01	2.1522e+01	1.0000e+00	0.0000e+00
7.2656e-03	3.2813e-03	2.5290e+01	2.1466e+01	0.0000e+00	0.0000e+00
2.3438e-04	3.0469e-03	4.4349e+01	2.1608e+01	0.0000e+00	0.0000e+00
4.6875e-04	3.0469e-03	4.4360e+01	2.1536e+01	0.0000e+00	0.0000e+00
7.0313e-04	3.0469e-03	4.4420e+01	2.1542e+01	0.0000e+00	0.0000e+00
9.3750e-04	3.0469e-03	4.4415e+01	2.1516e+01	0.0000e+00	0.0000e+00
1.1719e-03	3.0469e-03	4.4406e+01	2.1453e+01	0.0000e+00	0.0000e+00
1.4063e-03	3.0469e-03	4.4504e+01	2.1471e+01	0.0000e+00	0.0000e+00
1.6406e-03	3.0469e-03	4.4434e+01	2.1528e+01	1.0000e+00	0.0000e+00
1.8750e-03	3.0469e-03	4.4398e+01	2.1536e+01	1.0000e+00	0.0000e+00
2.1094e-03	3.0469e-03	4.4310e+01	2.1496e+01	0.0000e+00	0.0000e+00
2.3438e-03	3.0469e-03	4.4153e+01	2.1586e+01	1.0000e+00	0.0000e+00
2.5781e-03	3.0469e-03	4.3888e+01	2.1614e+01	1.0000e+00	0.0000e+00
2.8125e-03	3.0469e-03	4.3242e+01	2.1632e+01	1.0000e+00	0.0000e+00
3.0469e-03	3.0469e-03	4.2095e+01	2.1636e+01	1.0000e+00	0.0000e+00
3.2813e-03	3.0469e-03	4.1670e+01	2.1713e+01	0.0000e+00	0.0000e+00
3.5156e-03	3.0469e-03	3.8934e+01	2.1599e+01	1.0000e+00	0.0000e+00
3.7500e-03	3.0469e-03	3.6749e+01	2.1465e+01	0.0000e+00	0.0000e+00
3.9844e-03	3.0469e-03	3.5468e+01	2.1557e+01	1.0000e+00	0.0000e+00
4.2188e-03	3.0469e-03	3.4165e+01	2.1556e+01	1.0000e+00	0.0000e+00
4.4531e-03	3.0469e-03	3.2801e+01	2.1564e+01	0.0000e+00	0.0000e+00
4.6875e-03	3.0469e-03	3.2002e+01	2.1585e+01	1.0000e+00	0.0000e+00
4.9219e-03	3.0469e-03	3.1092e+01	2.1592e+01	1.0000e+00	0.0000e+00
5.1563e-03	3.0469e-03	3.0075e+01	2.1684e+01	0.0000e+00	0.0000e+00
5.3906e-03	3.0469e-03	2.9490e+01	2.1585e+01	1.0000e+00	0.0000e+00
5.6250e-03	3.0469e-03	2.8780e+01	2.1572e+01	1.0000e+00	0.0000e+00
5.8594e-03	3.0469e-03	2.8129e+01	2.1554e+01	1.0000e+00	0.0000e+00
6.0938e-03	3.0469e-03	2.7524e+01	2.1541e+01	1.0000e+00	0.0000e+00
6.3281e-03	3.0469e-03	2.6952e+01	2.1534e+01	1.0000e+00	0.0000e+00
6.5625e-03	3.0469e-03	2.6485e+01	2.1526e+01	0.0000e+00	0.0000e+00
6.7969e-03	3.0469e-03	2.5971e+01	2.1570e+01	0.0000e+00	0.0000e+00
7.0313e-03	3.0469e-03	2.5520e+01	2.1506e+01	0.0000e+00	0.0000e+00
7.2656e-03	3.0469e-03	2.5176e+01	2.1349e+01	0.0000e+00	0.0000e+00
2.3438e-04	2.8125e-03	4.4866e+01	2.1692e+01	0.0000e+00	0.0000e+00
4.6875e-04	2.8125e-03	4.4413e+01	2.1478e+01	0.0000e+00	0.0000e+00
7.0313e-04	2.8125e-03	4.4372e+01	2.1455e+01	0.0000e+00	0.0000e+00
9.3750e-04	2.8125e-03	4.4409e+01	2.1523e+01	0.0000e+00	0.0000e+00
1.1719e-03	2.8125e-03	4.4450e+01	2.1534e+01	1.0000e+00	0.0000e+00
1.4063e-03	2.8125e-03	4.4407e+01	2.1485e+01	0.0000e+00	0.0000e+00
1.6406e-03	2.8125e-03	4.4543e+01	2.1443e+01	0.0000e+00	0.0000e+00
1.8750e-03	2.8125e-03	4.4402e+01	2.1536e+01	1.0000e+00	0.0000e+00
2.1094e-03	2.8125e-03	4.4330e+01	2.1549e+01	1.0000e+00	0.0000e+00
2.3438e-03	2.8125e-03	4.4154e+01	2.1554e+01	1.0000e+00	0.0000e+00
2.5781e-03	2.8125e-03	4.4256e+01	2.1713e+01	0.0000e+00	0.0000e+00
2.8125e-03	2.8125e-03	4.3843e+01	2.1497e+01	0.0000e+00	0.0000e+00
3.0469e-03	2.8125e-03	4.2059e+01	2.1576e+01	1.0000e+00	0.0000e+00
3.2813e-03	2.8125e-03	4.1612e+01	2.1597e+01	0.0000e+00	0.0000e+00
3.5156e-03	2.8125e-03	3.8899e+01	2.1564e+01	1.0000e+00	0.0000e+00
3.7500e-03	2.8125e-03	3.6757e+01	2.1615e+01	0.0000e+00	0.0000e+00
3.9844e-03	2.8125e-03	3.5256e+01	2.1549e+01	0.0000e+00	0.0000e+00
4.2188e-03	2.8125e-03	3.3940e+01	2.1624e+01	0.0000e+00	0.0000e+00
4.4531e-03	2.8125e-03	3.2988e+01	2.1559e+01	1.0000e+00	0.0000e+00
4.6875e-03	2.8125e-03	3.1802e+01	2.1584e+01	0.0000e+00	0.0000e+00
4.9219e-03	2.8125e-03	3.0869e+01	2.1560e+01	0.0000e+00	0.0000e+00
5.1563e-03	2.8125e-03	3.0271e+01	2.1596e+01	1.0000e+00	0.0000e+00
5.3906e-03	2.8125e-03	2.9404e+01	2.1657e+01	0.0000e+00	0.0000e+00
5.6250e-03	2.8125e-03	2.8797e+01	2.1583e+01	1.0000e+00	0.0000e+00
5.8594e-03	2.8125e-03	2.8146e+01	2.1567e+01	1.0000e+00	0.0000e+00
6.0938e-03	2.8125e-03	2.7529e+01	2.1552e+01	1.0000e+00	0.0000e+00
6.3281e-03	2.8125e-03	2.6864e+01	2.1573e+01	0.0000e+00	0.0000e+00
6.5625e-03	2.8125e-03	2.6415e+01	2.1526e+01	0.0000e+00	0.0000e+00
6.7969e-03	2.8125e-03	2.5934e+01	2.1484e+01	0.0000e+00	0.0000e+00
7.0313e-03	2.8125e-03	2.5490e+01	2.1450e+01	0.0000e+00	0.0000e+00
7.2656e-03	2.8125e-03	2.5154e+01	2.1693e+01	0.0000e+00	0.0000e+00
2.3438e-04	2.5781e-03	4.3785e+01	2.1774e+01	0.0000e+00	0.0000e+00
4.6875e-04	2.5781e-03	4.4340e+01	2.1631e+01	0.0000e+00	0.0000e+00
7.0313e-04	2.5781e-03	4.4501e+01	2.1638e+01	0.0000e+00	0.0000e+00
9.3750e-04	2.5781e-03	4.4399e+01	2.1578e+01	0.0000e+00	0.0000e+00
1.1719e-03	2.5781e-03	4.4485e+01	2.1609e+01	0.0000e+00	0.0000e+00
1.4063e-03	2.5781e-03	4.4463e+01	2.1560e+01	0.0000e+00	0.0000e+00
1.6406e-03	2.5781e-03	4.4487e+01	2.1548e+01	0.0000e+00	0.0000e+00
1.8750e-03	2.5781e-03	4.4385e+01	2.1565e+01	0.0000e+00	0.0000e+00
2.1094e-03	2.5781e-03	4.4346e+01	2.1592e+01	0.0000e+00	0.0000e+00
2.3438e-03	2.5781e-03	4.4189e+01	2.1512e+01	1.0000e+00	0.0000e+00
2.5781e-03	2.5781e-03	4.4178e+01	2.1520e+01	0.0000e+00	0.0000e+00
2.8125e-03	2.5781e-03	4.4082e+01	2.1471e+01	0.0000e+00	0.0000e+00
3.0469e-03	2.5781e-03	4.2099e+01	2.1502e+01	1.0000e+00	0.0000e+00
3.2813e-03	2.5781e-03	4.0634e+01	2.1514e+01	1.0000e+00	0.0000e+00
3.5156e-03	2.5781e-03	3.8906e+01	2.1537e+01	1.0000e+00	0.0000e+00
3.7500e-03	2.5781e-03	3.6874e+01	2.1614e+01	0.0000e+00	0.0000e+00
3.9844e-03	2.5781e-03	3.5145e+01	2.1506e+01	0.0000e+00	0.0000e+00
4.2188e-03	2.5781e-03	3.3792e+01	2.1534e+01	0.0000e+00	0.0000e+00
4.4531e-03	2.5781e-03	3.2819e+01	2.1587e+01	0.0000e+00	0.0000e+00
4.6875e-03	2.5781e-03	3.1948e+01	2.1580e+01	1.0000e+00	0.0000e+00
4.9219e-03	2.5781e-03	3.0919e+01	2.1630e+01	0.0000e+00	0.0000e+00
5.1563e-03	2.5781e-03	3.0089e+01	2.1616e+01	0.0000e+00	0.0000e+00
5.3906e-03	2.5781e-03	2.9383e+01	2.1587e+01	0.0000e+00	0.0000e+00
5.6250e-03	2.5781e-03	2.8744e+01	2.1556e+01	0.0000e+00	0.0000e+00
5.8594e-03	2.5781e-03	2.8140e+01	2.1577e+01	1.0000e+00	0.0000e+00
6.0938e-03	2.5781e-03	2.7473e+01	2.1635e+01	0.0000e+00	0.0000e+00
6.3281e-03	2.5781e-03	2.6944e+01	2.1550e+01	1.0000e+00	0.0000e+00
6.5625e-03	2.5781e-03	2.6348e+01	2.1538e+01	0.0000e+00	0.0000e+00
6.7969e-03	2.5781e-03	2.5896e+01	2.1533e+01	0.0000e+00	0.0000e+00
7.0313e-03	2.5781e-03	2.5806e+01	2.1524e+01	1.0000e+00	0.0000e+00
7.2656e-03	2.5781e-03	2.5420e+01	2.1642e+01	0.0000e+00	0.0000e+00
2.3438e-04	2.3438e-03	4.3885e+01	2.1516e+01	0.0000e+00	0.0000e+00
4.6875e-04	2.3438e-03	4.4390e+01	2.1533e+01	0.0000e+00	0.0000e+00
7.0313e-04	2.3438e-03	4.4413e+01	2.1557e+01	1.0000e+00	0.0000e+00
9.3750e-04	2.3438e-03	4.4420e+01	2.1525e+01	0.0000e+00	0.0000e+00
1.1719e-03	2.3438e-03	4.4446e+01	2.1567e+01	1.0000e+00	0.0000e+00
1.4063e-03	2.3438e-03	4.4471e+01	2.1569e+01	0.0000e+00	0.0000e+00
1.6406e-03	2.3438e-03	4.4491e+01	2.1573e+01	0.0000e+00	0.0000e+00
1.8750e-03	2.3438e-03	4.4407e+01	2.1548e+01	1.0000e+00	0.0000e+00
2.1094e-03	2.3438e-03	4.4432e+01	2.1556e+01	0.0000e+00	0.0000e+00
2.3438e-03	2.3438e-03	4.4409e+01	2.1522e+01	0.0000e+00	0.0000e+00
2.5781e-03	2.3438e-03	4.4039e+01	2.1389e+01	0.0000e+00	0.0000e+00
2.8125e-03	2.3438e-03	4.3297e+01	2.1426e+01	1.0000e+00	0.0000e+00
3.0469e-03	2.3438e-03	4.2157e+01	2.1430e+01	1.0000e+00	0.0000e+00
3.2813e-03	2.3438e-03	4.0960e+01	2.1398e+01	0.0000e+00	0.0000e+00
3.5156e-03	2.3438e-03	3.8975e+01	2.1512e+01	1.0000e+00	0.0000e+00
3.7500e-03	2.3438e-03	3.6914e+01	2.1636e+01	0.0000e+00	0.0000e+00
3.9844e-03	2.3438e-03	3.5489e+01	2.1556e+01	1.0000e+00	0.0000e+00
4.2188e-03	2.3438e-03	3.3940e+01	2.1463e+01	0.0000e+00	0.0000e+00
4.4531e-03	2.3438e-03	3.2793e+01	2.1513e+01	0.0000e+00	0.0000e+00
4.6875e-03	2.3438e-03	3.1819e+01	2.1600e+01	0.0000e+00	0.0000e+00
4.9219e-03	2.3438e-03	3.0922e+01	2.1635e+01	0.0000e+00	0.0000e+00
5.1563e-03	2.3438e-03	3.0085e+01	2.1533e+01	0.0000e+00	0.0000e+00
5.3906e-03	2.3438e-03	2.9392e+01	2.1576e+01	0.0000e+00	0.0000e+00
5.6250e-03	2.3438e-03	2.8765e+01	2.1625e+01	0.0000e+00	0.0000e+00
5.8594e-03	2.3438e-03	2.8168e+01	2.1622e+01	0.0000e+00	0.0000e+00
6.0938e-03	2.3438e-03	2.7502e+01	2.1558e+01	0.0000e+00	0.0000e+00
6.3281e-03	2.3438e-03	2.6891e+01	2.1484e+01	0.0000e+00	0.0000e+00
6.5625e-03	2.3438e-03	2.6335e+01	2.1491e+01	0.0000e+00	0.0000e+00
6.7969e-03	2.3438e-03	2.5883e+01	2.1479e+01	0.0000e+00	0.0000e+00
7.0313e-03	2.3438e-03	2.5571e+01	2.1456e+01	0.0000e+00	0.0000e+00
7.2656e-03	2.3438e-03	2.5399e+01	2.1482e+01	0.0000e+00	0.0000e+00
2.3438e-04	2.1094e-03	4.4396e+01	2.1552e+01	1.0000e+00	0.0000e+00
4.6875e-04	2.1094e-03	4.4474e+01	2.1462e+01	0.0000e+00	0.0000e+00
7.0313e-04	2.1094e-03	4.4477e+01	2.1532e+01	0.0000e+00	0.0000e+00
9.3750e-04	2.1094e-03	4.4489e+01	2.1544e+01	0.0000e+00	0.0000e+00
1.1719e-03	2.1094e-03	4.4368e+01	2.1568e+01	0.0000e+00	0.0000e+00
1.4063e-03	2.1094e-03	4.4415e+01	2.1710e+01	0.0000e+00	0.0000e+00
1.6406e-03	2.1094e-03	4.4484e+01	2.1751e+01	0.0000e+00	0.0000e+00
1.8750e-03	2.1094e-03	4.4423e+01	2.1527e+01	0.0000e+00	0.0000e+00
2.1094e-03	2.1094e-03	4.4349e+01	2.1497e+01	1.0000e+00	0.0000e+00
2.3438e-03	2.1094e-03	4.4316e+01	2.1540e+01	0.0000e+00	0.0000e+00
2.5781e-03	2.1094e-03	4.4110e+01	2.1340e+01	0.0000e+00	0.0000e+00
2.8125e-03	2.1094e-03	4.4069e+01	2.1116e+01	0.0000e+00	0.0000e+00
3.0469e-03	2.1094e-03	4.3576e+01	2.1239e+01	0.0000e+00	0.0000e+00
3.2813e-03	2.1094e-03	4.0854e+01	2.1500e+01	0.0000e+00	0.0000e+00
3.5156e-03	2.1094e-03	3.8607e+01	2.1505e+01	0.0000e+00	0.0000e+00
3.7500e-03	2.1094e-03	3.6760e+01	2.1583e+01	0.0000e+00	0.0000e+00
3.9844e-03	2.1094e-03	3.5486e+01	2.1550e+01	1.0000e+00	0.0000e+00
4.2188e-03	2.1094e-03	3.3904e+01	2.1536e+01	0.0000e+00	0.0000e+00
4.4531e-03	2.1094e-03	3.2762e+01	2.1568e+01	0.0000e+00	0.0000e+00
4.6875e-03	2.1094e-03	3.1799e+01	2.1589e+01	0.0000e+00	0.0000e+00
4.9219e-03	2.1094e-03	3.0860e+01	2.1610e+01	0.0000e+00	0.0000e+00
5.1563e-03	2.1094e-03	3.0123e+01	2.1591e+01	0.0000e+00	0.0000e+00
5.3906e-03	2.1094e-03	2.9452e+01	2.1580e+01	1.0000e+00	0.0000e+00
5.6250e-03	2.1094e-03	2.8773e+01	2.1615e+01	0.0000e+00	0.0000e+00
5.8594e-03	2.1094e-03	2.8164e+01	2.1594e+01	0.0000e+00	0.0000e+00
6.0938e-03	2.1094e-03	2.7492e+01	2.1551e+01	0.0000e+00	0.0000e+00
6.3281e-03	2.1094e-03	2.6946e+01	2.1577e+01	0.0000e+00	0.0000e+00
6.5625e-03	2.1094e-03	2.6416e+01	2.1599e+01	0.0000e+00	0.0000e+00
6.7969e-03	2.1094e-03	2.6096e+01	2.1542e+01	1.0000e+00	0.0000e+00
7.0313e-03	2.1094e-03	2.5667e+01	2.1489e+01	0.0000e+00	0.0000e+00
7.2656e-03	2.1094e-03	2.5222e+01	2.1605e+01	0.0000e+00	0.0000e+00
2.3438e-04	1.8750e-03	4.4833e+01	2.1384e+01	0.0000e+00	0.0000e+00
4.6875e-04	1.8750e-03	4.4442e+01	2.1558e+01	0.0000e+00	0.0000e+00
7.0313e-04	1.8750e-03	4.4419e+01	2.1574e+01	0.0000e+00	0.0000e+00
9.3750e-04	1.8750e-03	4.4432e+01	2.1555e+01	1.0000e+00	0.0000e+00
1.1719e-03	1.8750e-03	4.4431e+01	2.1595e+01	0.0000e+00	0.0000e+00
1.4063e-03	1.8750e-03	4.4417e+01	2.1622e+01	0.0000e+00	0.0000e+00
1.6406e-03	1.8750e-03	4.4452e+01	2.1560e+01	0.0000e+00	0.0000e+00
1.8750e-03	1.8750e-03	4.4408e+01	2.1532e+01	1.0000e+00	0.0000e+00
2.1094e-03	1.8750e-03	4.4505e+01	2.1468e+01	0.0000e+00	0.0000e+00
2.3438e-03	1.8750e-03	4.4299e+01	2.1426e+01	0.0000e+00	0.0000e+00
2.5781e-03	1.8750e-03	4.4189e+01	2.1249e+01	0.0000e+00	0.0000e+00
2.8125e-03	1.8750e-03	4.4001e+01	2.0965e+01	0.0000e+00	0.0000e+00
3.0469e-03	1.8750e-03	4.3617e+01	2.1096e+01	0.0000e+00	0.0000e+00
3.2813e-03	1.8750e-03	4.1322e+01	2.1705e+01	0.0000e+00	0.0000e+00
3.5156e-03	1.8750e-03	3.8618e+01	2.1496e+01	0.0000e+00	0.0000e+00
3.7500e-03	1.8750e-03	3.7145e+01	2.1550e+01	1.0000e+00	0.0000e+00
3.9844e-03	1.8750e-03	3.5474e+01	2.1552e+01	1.0000e+00	0.0000e+00
4.2188e-03	1.8750e-03	3.3853e+01	2.1581e+01	0.0000e+00	0.0000e+00
4.4531e-03	1.8750e-03	3.2735e+01	2.1620e+01	0.0000e+00	0.0000e+00
4.6875e-03	1.8750e-03	3.1794e+01	2.1605e+01	0.0000e+00	0.0000e+00
4.9219e-03	1.8750e-03	3.0861e+01	2.1631e+01	0.0000e+00	0.0000e+00
5.1563e-03	1.8750e-03	3.0183e+01	2.1581e+01	1.0000e+00	0.0000e+00
5.3906e-03	1.8750e-03	2.9453e+01	2.1552e+01	0.0000e+00	0.0000e+00
5.6250e-03	1.8750e-03	2.8696e+01	2.1524e+01	0.0000e+00	0.0000e+00
5.8594e-03	1.8750e-03	2.8130e+01	2.1591e+01	0.0000e+00	0.0000e+00
6.0938e-03	1.8750e-03	2.7540e+01	2.1552e+01	0.0000e+00	0.0000e+00
6.3281e-03	1.8750e-03	2.7010e+01	2.1558e+01	1.0000e+00	0.0000e+00
6.5625e-03	1.8750e-03	2.6447e+01	2.1566e+01	0.0000e+00	0.0000e+00
6.7969e-03	1.8750e-03	2.6044e+01	2.1513e+01	0.0000e+00	0.0000e+00
7.0313e-03	1.8750e-03	2.5664e+01	2.1525e+01	0.0000e+00	0.0000e+00
7.2656e-03	1.8750e-03	2.5749e+01	2.1541e+01	1.0000e+00	0.0000e+00
2.3438e-04	1.6406e-03	4.4818e+01	2.1525e+01	0.0000e+00	0.0000e+00
4.6875e-04	1.6406e-03	4.4400e+01	2.1468e+01	0.0000e+00	0.0000e+00
7.0313e-04	1.6406e-03	4.4364e+01	2.1576e+01	0.0000e+00	0.0000e+00
9.3750e-04	1.6406e-03	4.4468e+01	2.1629e+01	0.0000e+00	0.0000e+00
1.1719e-03	1.6406e-03	4.4447e+01	2.1565e+01	1.0000e+00	0.0000e+00
1.4063e-03	1.6406e-03	4.4374e+01	2.1534e+01	0.0000e+00	0.0000e+00
1.6406e-03	1.6406e-03	4.4435e+01	2.1545e+01	1.0000e+00	0.0000e+00
1.8750e-03	1.6406e-03	4.4416e+01	2.1480e+01	0.0000e+00	0.0000e+00
2.1094e-03	1.6406e-03	4.4422e+01	2.1442e+01	0.0000e+00	0.0000e+00
2.3438e-03	1.6406e-03	4.4331e+01	2.1418e+01	0.0000e+00	0.0000e+00
2.5781e-03	1.6406e-03	4.4148e+01	2.1317e+01	0.0000e+00	0.0000e+00
2.8125e-03	1.6406e-03	4.4076e+01	2.1144e+01	0.0000e+00	0.0000e+00
3.0469e-03	1.6406e-03	4.3192e+01	2.1291e+01	0.0000e+00	0.0000e+00
3.2813e-03	1.6406e-03	4.0872e+01	2.1429e+01	0.0000e+00	0.0000e+00
3.5156e-03	1.6406e-03	3.8502e+01	2.1409e+01	0.0000e+00	0.0000e+00
3.7500e-03	1.6406e-03	3.6743e+01	2.1550e+01	0.0000e+00	0.0000e+00
3.9844e-03	1.6406e-03	3.5126e+01	2.1624e+01	0.0000e+00	0.0000e+00
4.2188e-03	1.6406e-03	3.3869e+01	2.1593e+01	0.0000e+00	0.0000e+00
4.4531e-03	1.6406e-03	3.2889e+01	2.1581e+01	1.0000e+00	0.0000e+00
4.6875e-03	1.6406e-03	3.1758e+01	2.1636e+01	0.0000e+00	0.0000e+00
4.9219e-03	1.6406e-03	3.0802e+01	2.1585e+01	0.0000e+00	0.0000e+00
5.1563e-03	1.6406e-03	3.0102e+01	2.1566e+01	0.0000e+00	0.0000e+00
5.3906e-03	1.6406e-03	2.9368e+01	2.1485e+01	0.0000e+00	0.0000e+00
5.6250e-03	1.6406e-03	2.8665e+01	2.1480e+01	0.0000e+00	0.0000e+00
5.8594e-03	1.6406e-03	2.8050e+01	2.1559e+01	0.0000e+00	0.0000e+00
6.0938e-03	1.6406e-03	2.7556e+01	2.1568e+01	0.0000e+00	0.0000e+00
6.3281e-03	1.6406e-03	2.7020e+01	2.1562e+01	1.0000e+00	0.0000e+00
6.5625e-03	1.6406e-03	2.6427e+01	2.1552e+01	0.0000e+00	0.0000e+00
6.7969e-03	1.6406e-03	2.6059e+01	2.1534e+01	0.0000e+00	0.0000e+00
7.0313e-03	1.6406e-03	2.5646e+01	2.1647e+01	0.0000e+00	0.0000e+00
7.2656e-03	1.6406e-03	2.5828e+01	2.1557e+01	1.0000e+00	0.0000e+00
2.3438e-04	1.4063e-03	4.4466e+01	2.1727e+01	0.0000e+00	0.0000e+00
4.6875e-04	1.4063e-03	4.4431e+01	2.1519e+01	0.0000e+00	0.0000e+00
7.0313e-04	1.4063e-03	4.4501e+01	2.1542e+01	1.0000e+00	0.0000e+00
9.3750e-04	1.4063e-03	4.4475e+01	2.1539e+01	0.0000e+00	0.0000e+00
1.1719e-03	1.4063e-03	4.4513e+01	2.1451e+01	0.0000e+00	0.0000e+00
1.4063e-03	1.4063e-03	4.4327e+01	2.1563e+01	0.0000e+00	0.0000e+00
1.6406e-03	1.4063e-03	4.4449e+01	2.1526e+01	1.0000e+00	0.0000e+00
1.8750e-03	1.4063e-03	4.4418e+01	2.1507e+01	1.0000e+00	0.0000e+00
2.1094e-03	1.4063e-03	4.4388e+01	2.1472e+01	1.0000e+00	0.0000e+00
2.3438e-03	1.4063e-03	4.4307e+01	2.1407e+01	1.0000e+00	0.0000e+00
2.5781e-03	1.4063e-03	4.4170e+01	2.1446e+01	0.0000e+00	0.0000e+00
2.8125e-03	1.4063e-03	4.4539e+01	2.1177e+01	0.0000e+00	0.0000e+00
3.0469e-03	1.4063e-03	4.3447e+01	2.1552e+01	0.0000e+00	0.0000e+00
3.2813e-03	1.4063e-03	4.1583e+01	2.1772e+01	0.0000e+00	0.0000e+00
3.5156e-03	1.4063e-03	3.8566e+01	2.1507e+01	0.0000e+00	0.0000e+00
3.7500e-03	1.4063e-03	3.6792e+01	2.1562e+01	0.0000e+00	0.0000e+00
3.9844e-03	1.4063e-03	3.5085e+01	2.1610e+01	0.0000e+00	0.0000e+00
4.2188e-03	1.4063e-03	3.3758e+01	2.1576e+01	0.0000e+00	0.0000e+00
4.4531e-03	1.4063e-03	3.2728e+01	2.1570e+01	0.0000e+00	0.0000e+00
4.6875e-03	1.4063e-03	3.1889e+01	2.1577e+01	1.0000e+00	0.0000e+00
4.9219e-03	1.4063e-03	3.0780e+01	2.1565e+01	0.0000e+00	0.0000e+00
5.1563e-03	1.4063e-03	3.0124e+01	2.1677e+01	0.0000e+00	0.0000e+00
5.3906e-03	1.4063e-03	2.9431e+01	2.1577e+01	1.0000e+00	0.0000e+00
5.6250e-03	1.4063e-03	2.8680e+01	2.1521e+01	0.0000e+00	0.0000e+00
5.8594e-03	1.4063e-03	2.8012e+01	2.1613e+01	0.0000e+00	0.0000e+00
6.0938e-03	1.4063e-03	2.7543e+01	2.1548e+01	1.0000e+00	0.0000e+00
6.3281e-03	1.4063e-03	2.6968e+01	2.1602e+01	0.0000e+00	0.0000e+00
6.5625e-03	1.4063e-03	2.6512e+01	2.1575e+01	0.0000e+00	0.0000e+00
6.7969e-03	1.4063e-03	2.6038e+01	2.1552e+01	0.0000e+00	0.0000e+00
7.0313e-03	1.4063e-03	2.6054e+01	2.1553e+01	1.0000e+00	0.0000e+00
7.2656e-03	1.4063e-03	2.5468e+01	2.1635e+01	0.0000e+00	0.0000e+00
2.3438e-04	1.1719e-03	4.4472e+01	2.1625e+01	0.0000e+00	0.0000e+00
4.6875e-04	1.1719e-03	4.4504e+01	2.1540e+01	0.0000e+00	0.0000e+00
7.0313e-04	1.1719e-03	4.4509e+01	2.1538e+01	1.0000e+00	0.0000e+00
9.3750e-04	1.1719e-03	4.4484e+01	2.1469e+01	0.0000e+00	0.0000e+00
1.1719e-03	1.1719e-03	4.4575e+01	2.1552e+01	0.0000e+00	0.0000e+00
1.4063e-03	1.1719e-03	4.4382e+01	2.1540e+01	0.0000e+00	0.0000e+00
1.6406e-03	1.1719e-03	4.4458e+01	2.1527e+01	1.0000e+00	0.0000e+00
1.8750e-03	1.1719e-03	4.4483e+01	2.1564e+01	0.0000e+00	0.0000e+00
2.1094e-03	1.1719e-03	4.4528e+01	2.1519e+01	0.0000e+00	0.0000e+00
2.3438e-03	1.1719e-03	4.4434e+01	2.1476e+01	0.0000e+00	0.0000e+00
2.5781e-03	1.1719e-03	4.4428e+01	2.1431e+01	0.0000e+00	0.0000e+00
2.8125e-03	1.1719e-03	4.3531e+01	2.1445e+01	1.0000e+00	0.0000e+00
3.0469e-03	1.1719e-03	4.3743e+01	2.1604e+01	0.0000e+00	0.0000e+00
3.2813e-03	1.1719e-03	4.1739e+01	2.1686e+01	0.0000e+00	0.0000e+00
3.5156e-03	1.1719e-03	3.8721e+01	2.1553e+01	0.0000e+00	0.0000e+00
3.7500e-03	1.1719e-03	3.7176e+01	2.1578e+01	1.0000e+00	0.0000e+00
3.9844e-03	1.1719e-03	3.5109e+01	2.1573e+01	0.0000e+00	0.0000e+00
4.2188e-03	1.1719e-03	3.3810e+01	2.1552e+01	0.0000e+00	0.0000e+00
4.4531e-03	1.1719e-03	3.2722e+01	2.1520e+01	0.0000e+00	0.0000e+00
4.6875e-03	1.1719e-03	3.1805e+01	2.1551e+01	0.0000e+00	0.0000e+00
4.9219e-03	1.1719e-03	3.1013e+01	2.1574e+01	1.0000e+00	0.0000e+00
5.1563e-03	1.1719e-03	3.0215e+01	2.1610e+01	0.0000e+00	0.0000e+00
5.3906e-03	1.1719e-03	2.9379e+01	2.1663e+01	0.0000e+00	0.0000e+00
5.6250e-03	1.1719e-03	2.8638e+01	2.1561e+01	0.0000e+00	0.0000e+00
5.8594e-03	1.1719e-03	2.8030e+01	2.1552e+01	0.0000e+00	0.0000e+00
6.0938e-03	1.1719e-03	2.7452e+01	2.1524e+01	0.0000e+00	0.0000e+00
6.3281e-03	1.1719e-03	2.6995e+01	2.1572e+01	0.0000e+00	0.0000e+00
6.5625e-03	1.1719e-03	2.6509e+01	2.1564e+01	0.0000e+00	0.0000e+00
6.7969e-03	1.1719e-03	2.6038e+01	2.1536e+01	0.0000e+00	0.0000e+00
7.0313e-03	1.1719e-03	2.6145e+01	2.1544e+01	1.0000e+00	0.0000e+00
7.2656e-03	1.1719e-03	2.6012e+01	2.1544e+01	1.0000e+00	0.0000e+00
2.3438e-04	9.3750e-04	4.4525e+01	2.1548e+01	1.0000e+00	0.0000e+00
4.6875e-04	9.3750e-04	4.4432e+01	2.1538e+01	0.0000e+00	0.0000e+00
7.0313e-04	9.3750e-04	4.4554e+01	2.1535e+01	0.0000e+00	0.0000e+00
9.3750e-04	9.3750e-04	4.4500e+01	2.1534e+01	1.0000e+00	0.0000e+00
1.1719e-03	9.3750e-04	4.4532e+01	2.1461e+01	0.0000e+00	0.0000e+00
1.4063e-03	9.3750e-04	4.4380e+01	2.1533e+01	0.0000e+00	0.0000e+00
1.6406e-03	9.3750e-04	4.4467e+01	2.1542e+01	0.0000e+00	0.0000e+00
1.8750e-03	9.3750e-04	4.4551e+01	2.1541e+01	0.0000e+00	0.0000e+00
2.1094e-03	9.3750e-04	4.4456e+01	2.1480e+01	0.0000e+00	0.0000e+00
2.3438e-03	9.3750e-04	4.4321e+01	2.1454e+01	0.0000e+00	0.0000e+00
2.5781e-03	9.3750e-04	4.4155e+01	2.1477e+01	1.0000e+00	0.0000e+00
2.8125e-03	9.3750e-04	4.4093e+01	2.1356e+01	0.0000e+00	0.0000e+00
3.0469e-03	9.3750e-04	4.3620e+01	2.1404e+01	0.0000e+00	0.0000e+00
3.2813e-03	9.3750e-04	4.1292e+01	2.1438e+01	0.0000e+00	0.0000e+00
3.5156e-03	9.3750e-04	3.8754e+01	2.1616e+01	0.0000e+00	0.0000e+00
3.7500e-03	9.3750e-04	3.7242e+01	2.1609e+01	1.0000e+00	0.0000e+00
3.9844e-03	9.3750e-04	3.5097e+01	2.1580e+01	0.0000e+00	0.0000e+00
4.2188e-03	9.3750e-04	3.3813e+01	2.1534e+01	0.0000e+00	0.0000e+00
4.4531e-03	9.3750e-04	3.2780e+01	2.1466e+01	0.0000e+00	0.0000e+00
4.6875e-03	9.3750e-04	3.1843e+01	2.1526e+01	0.0000e+00	0.0000e+00
4.9219e-03	9.3750e-04	3.0931e+01	2.1542e+01	0.0000e+00	0.0000e+00
5.1563e-03	9.3750e-04	3.0251e+01	2.1592e+01	0.0000e+00	0.0000e+00
5.3906e-03	9.3750e-04	2.9420e+01	2.1674e+01	0.0000e+00	0.0000e+00
5.6250e-03	9.3750e-04	2.8657e+01	2.1608e+01	0.0000e+00	0.0000e+00
5.8594e-03	9.3750e-04	2.8066e+01	2.1553e+01	0.0000e+00	0.0000e+00
6.0938e-03	9.3750e-04	2.7452e+01	2.1470e+01	0.0000e+00	0.0000e+00
6.3281e-03	9.3750e-04	2.6957e+01	2.1439e+01	0.0000e+00	0.0000e+00
6.5625e-03	9.3750e-04	2.6474e+01	2.1492e+01	0.0000e+00	0.0000e+00
6.7969e-03	9.3750e-04	2.6039e+01	2.1501e+01	0.0000e+00	0.0000e+00
7.0313e-03	9.3750e-04	2.6207e+01	2.1526e+01	1.0000e+00	0.0000e+00
7.2656e-03	9.3750e-04	2.6085e+01	2.1521e+01	1.0000e+00	0.0000e+00
2.3438e-04	7.0313e-04	4.4546e+01	2.1543e+01	1.0000e+00	0.0000e+00
4.6875e-04	7.0313e-04	4.4563e+01	2.1476e+01	0.0000e+00	0.0000e+00
7.0313e-04	7.0313e-04	4.4568e+01	2.1550e+01	0.0000e+00	0.0000e+00
9.3750e-04	7.0313e-04	4.4533e+01	2.1514e+01	0.0000e+00	0.0000e+00
1.1719e-03	7.0313e-04	4.4558e+01	2.1487e+01	0.0000e+00	0.0000e+00
1.4063e-03	7.0313e-04	4.4423e+01	2.1614e+01	0.0000e+00	0.0000e+00
1.6406e-03	7.0313e-04	4.4484e+01	2.1596e+01	0.0000e+00	0.0000e+00
1.8750e-03	7.0313e-04	4.4509e+01	2.1536e+01	0.0000e+00	0.0000e+00
2.1094e-03	7.0313e-04	4.4442e+01	2.1591e+01	1.0000e+00	0.0000e+00
2.3438e-03	7.0313e-04	4.4388e+01	2.1514e+01	0.0000e+00	0.0000e+00
2.5781e-03	7.0313e-04	4.4529e+01	2.1494e+01	0.0000e+00	0.0000e+00
2.8125e-03	7.0313e-04	4.4301e+01	2.1384e+01	0.0000e+00	0.0000e+00
3.0469e-03	7.0313e-04	4.3425e+01	2.1436e+01	0.0000e+00	0.0000e+00
3.2813e-03	7.0313e-04	4.0983e+01	2.1600e+01	1.0000e+00	0.0000e+00
3.5156e-03	7.0313e-04	3.8691e+01	2.1658e+01	0.0000e+00	0.0000e+00
3.7500e-03	7.0313e-04	3.7254e+01	2.1656e+01	1.0000e+00	0.0000e+00
3.9844e-03	7.0313e-04	3.5069e+01	2.1627e+01	0.0000e+00	0.0000e+00
4.2188e-03	7.0313e-04	3.3800e+01	2.1550e+01	0.0000e+00	0.0000e+00
4.4531e-03	7.0313e-04	3.2794e+01	2.1444e+01	0.0000e+00	0.0000e+00
4.6875e-03	7.0313e-04	3.1796e+01	2.1491e+01	0.0000e+00	0.0000e+00
4.9219e-03	7.0313e-04	3.1067e+01	2.1620e+01	1.0000e+00	0.0000e+00
5.1563e-03	7.0313e-04	3.0222e+01	2.1639e+01	0.0000e+00	0.0000e+00
5.3906e-03	7.0313e-04	2.9429e+01	2.1628e+01	0.0000e+00	0.0000e+00
5.6250e-03	7.0313e-04	2.8785e+01	2.1554e+01	0.0000e+00	0.0000e+00
5.8594e-03	7.0313e-04	2.8167e+01	2.1504e+01	0.0000e+00	0.0000e+00
6.0938e-03	7.0313e-04	2.7552e+01	2.1438e+01	0.0000e+00	0.0000e+00
6.3281e-03	7.0313e-04	2.7077e+01	2.1581e+01	1.0000e+00	0.0000e+00
6.5625e-03	7.0313e-04	2.6699e+01	2.1529e+01	1.0000e+00	0.0000e+00
6.7969e-03	7.0313e-04	2.6408e+01	2.1498e+01	1.0000e+00	0.0000e+00
7.0313e-03	7.0313e-04	2.6249e+01	2.1485e+01	1.0000e+00	0.0000e+00
7.2656e-03	7.0313e-04	2.6152e+01	2.1476e+01	1.0000e+00	0.0000e+00
2.3438e-04	4.6875e-04	4.4559e+01	2.1537e+01	1.0000e+00	0.0000e+00
4.6875e-04	4.6875e-04	4.4689e+01	2.1470e+01	0.0000e+00	0.0000e+00
7.0313e-04	4.6875e-04	4.4550e+01	2.1553e+01	0.0000e+00	0.0000e+00
9.3750e-04	4.6875e-04	4.4515e+01	2.1588e+01	0.0000e+00	0.0000e+00
1.1719e-03	4.6875e-04	4.4504e+01	2.1611e+01	1.0000e+00	0.0000e+00
1.4063e-03	4.6875e-04	4.4493e+01	2.1642e+01	1.0000e+00	0.0000e+00
1.6406e-03	4.6875e-04	4.4485e+01	2.1644e+01	1.0000e+00	0.0000e+00
1.8750e-03	4.6875e-04	4.4468e+01	2.1689e+01	0.0000e+00	0.0000e+00
2.1094e-03	4.6875e-04	4.4481e+01	2.1620e+01	0.0000e+00	0.0000e+00
2.3438e-03	4.6875e-04	4.4488e+01	2.1513e+01	0.0000e+00	0.0000e+00
2.5781e-03	4.6875e-04	4.4155e+01	2.1522e+01	1.0000e+00	0.0000e+00
2.8125e-03	4.6875e-04	4.3567e+01	2.1507e+01	1.0000e+00	0.0000e+00
3.0469e-03	4.6875e-04	4.3769e+01	2.1690e+01	0.0000e+00	0.0000e+00
3.2813e-03	4.6875e-04	4.1825e+01	2.1831e+01	0.0000e+00	0.0000e+00
3.5156e-03	4.6875e-04	3.9223e+01	2.1648e+01	1.0000e+00	0.0000e+00
3.7500e-03	4.6875e-04	3.6651e+01	2.1632e+01	0.0000e+00	0.0000e+00
3.9844e-03	4.6875e-04	3.5019e+01	2.1629e+01	0.0000e+00	0.0000e+00
4.2188e-03	4.6875e-04	3.3769e+01	2.1639e+01	0.0000e+00	0.0000e+00
4.4531e-03	4.6875e-04	3.2726e+01	2.1637e+01	0.0000e+00	0.0000e+00
4.6875e-03	4.6875e-04	3.1792e+01	2.1487e+01	0.0000e+00	0.0000e+00
4.9219e-03	4.6875e-04	3.1079e+01	2.1629e+01	1.0000e+00	0.0000e+00
5.1563e-03	4.6875e-04	3.0137e+01	2.1645e+01	0.0000e+00	0.0000e+00
5.3906e-03	4.6875e-04	2.9418e+01	2.1637e+01	0.0000e+00	0.0000e+00
5.6250e-03	4.6875e-04	2.8783e+01	2.1565e+01	0.0000e+00	0.0000e+00
5.8594e-03	4.6875e-04	2.8187e+01	2.1679e+01	1.0000e+00	0.0000e+00
6.0938e-03	4.6875e-04	2.7558e+01	2.1552e+01	0.0000e+00	0.0000e+00
6.3281e-03	4.6875e-04	2.7078e+01	2.1529e+01	0.0000e+00	0.0000e+00
6.5625e-03	4.6875e-04	2.6580e+01	2.1532e+01	0.0000e+00	0.0000e+00
6.7969e-03	4.6875e-04	2.6154e+01	2.1524e+01	0.0000e+00	0.0000e+00
7.0313e-03	4.6875e-04	2.6277e+01	2.1467e+01	1.0000e+00	0.0000e+00
7.2656e-03	4.6875e-04	2.6187e+01	2.1457e+01	1.0000e+00	0.0000e+00
2.3438e-04	2.3438e-04	4.4578e+01	2.1535e+01	1.0000e+00	0.0000e+00
4.6875e-04	2.3438e-04	4.4568e+01	2.1583e+01	1.0000e+00	0.0000e+00
7.0313e-04	2.3438e-04	4.4559e+01	2.1582e+01	1.0000e+00	0.0000e+00
9.3750e-04	2.3438e-04	4.4569e+01	2.2085e+01	0.0000e+00	0.0000e+00
1.1719e-03	2.3438e-04	4.4509e+01	2.1641e+01	1.0000e+00	0.0000e+00
1.4063e-03	2.3438e-04	4.4496e+01	2.1683e+01	1.0000e+00	0.0000e+00
1.6406e-03	2.3438e-04	4.4391e+01	2.1801e+01	0.0000e+00	0.0000e+00
1.8750e-03	2.3438e-04	4.4505e+01	2.2089e+01	0.0000e+00	0.0000e+00
2.1094e-03	2.3438e-04	4.4544e+01	2.2051e+01	0.0000e+00	0.0000e+00
2.3438e-03	2.3438e-04	4.4371e+01	2.1530e+01	0.0000e+00	0.0000e+00
2.5781e-03	2.3438e-04	4.4451e+01	2.1578e+01	0.0000e+00	0.0000e+00
2.8125e-03	2.3438e-04	4.3590e+01	2.1534e+01	1.0000e+00	0.0000e+00
3.0469e-03	2.3438e-04	4.3710e+01	2.1309e+01	0.0000e+00	0.0000e+00
3.2813e-03	2.3438e-04	4.1542e+01	2.1567e+01	0.0000e+00	0.0000e+00
3.5156e-03	2.3438e-04	3.8696e+01	2.2526e+01	0.0000e+00	0.0000e+00
3.7500e-03	2.3438e-04	3.7273e+01	2.1713e+01	1.0000e+00	0.0000e+00
3.9844e-03	2.3438e-04	3.5161e+01	2.1758e+01	0.0000e+00	0.0000e+00
4.2188e-03	2.3438e-04	3.4113e+01	2.1625e+01	1.0000e+00	0.0000e+00
4.4531e-03	2.3438e-04	3.2924e+01	2.1616e+01	1.0000e+00	0.0000e+00
4.6875e-03	2.3438e-04	3.1890e+01	2.1851e+01	0.0000e+00	0.0000e+00
4.9219e-03	2.3438e-04	3.1090e+01	2.1653e+01	1.0000e+00	0.0000e+00
5.1563e-03	2.3438e-04	3.0253e+01	2.1664e+01	1.0000e+00	0.0000e+00
5.3906e-03	2.3438e-04	2.9597e+01	2.2147e+01	0.0000e+00	0.0000e+00
5.6250e-03	2.3438e-04	2.8832e+01	2.1736e+01	1.0000e+00	0.0000e+00
5.8594e-03	2.3438e-04	2.8109e+01	2.2467e+01	0.0000e+00	0.0000e+00
6.0938e-03	2.3438e-04	2.7482e+01	2.2172e+01	0.0000e+00	0.0000e+00
6.3281e-03	2.3438e-04	2.7128e+01	2.1621e+01	1.0000e+00	0.0000e+00
6.5625e-03	2.3438e-04	2.6332e+01	2.1429e+01	0.0000e+00	0.0000e+00
6.7969e-03	2.3438e-04	2.6162e+01	2.1247e+01	0.0000e+00	0.0000e+00
7.0313e-03	2.3438e-04	2.6314e+01	2.1448e+01	1.0000e+00	0.0000e+00
7.2656e-03	2.3438e-04	2.6229e+01	2.1432e+01	1.0000e+00	0.0000e+00
