# x	y	u	v	flags	mask
2.3438e-04	7.2656e-03	4.4860e+01	2.2014e+01	1.0000e+00	0.0000e+00
4.6875e-04	7.2656e-03	4.4741e+01	2.1952e+01	1.0000e+00	0.0000e+00
7.0313e-04	7.2656e-03	4.5222e+01	2.2729e+01	0.0000e+00	0.0000e+00
9.3750e-04	7.2656e-03	4.4329e+01	2.1958e+01	0.0000e+00	0.0000e+00
1.1719e-03	7.2656e-03	4.4357e+01	2.1981e+01	0.0000e+00	0.0000e+00
1.4063e-03	7.2656e-03	4.4385e+01	2.1653e+01	1.0000e+00	0.0000e+00
1.6406e-03	7.2656e-03	4.4553e+01	2.1542e+01	0.0000e+00	0.0000e+00
1.8750e-03	7.2656e-03	4.4374e+01	2.1619e+01	1.0000e+00	0.0000e+00
2.1094e-03	7.2656e-03	4.4478e+01	2.1785e+01	0.0000e+00	0.0000e+00
2.3438e-03	7.2656e-03	4.4262e+01	2.2006e+01	0.0000e+00	0.0000e+00
2.5781e-03	7.2656e-03	4.3814e+01	2.1534e+01	1.0000e+00	0.0000e+00
2.8125e-03	7.2656e-03	4.4379e+01	2.1282e+01	0.0000e+00	0.0000e+00
3.0469e-03	7.2656e-03	4.3298e+01	2.1500e+01	0.0000e+00	0.0000e+00
3.2813e-03	7.2656e-03	4.0897e+01	2.1495e+01	0.0000e+00	0.0000e+00
3.5156e-03	7.2656e-03	3.8595e+01	2.1508e+01	1.0000e+00	0.0000e+00
3.7500e-03	7.2656e-03	3.6499e+01	2.1597e+01	0.0000e+00	0.0000e+00
3.9844e-03	7.2656e-03	3.5287e+01	2.1603e+01	0.0000e+00	0.0000e+00
4.2188e-03	7.2656e-03	3.4093e+01	2.1638e+01	1.0000e+00	0.0000e+00
4.4531e-03	7.2656e-03	3.2978e+01	2.1661e+01	1.0000e+00	0.0000e+00
4.6875e-03	7.2656e-03	3.1399e+01	2.2263e+01	0.0000e+00	0.0000e+00
4.9219e-03	7.2656e-03	3.0783e+01	2.1778e+01	0.0000e+00	0.0000e+00
5.1563e-03	7.2656e-03	3.0142e+01	2.1673e+01	1.0000e+00	0.0000e+00
5.3906e-03	7.2656e-03	2.9460e+01	2.1629e+01	1.0000e+00	0.0000e+00
5.6250e-03	7.2656e-03	2.9165e+01	2.1807e+01	0.0000e+00	0.0000e+00
5.8594e-03	7.2656e-03	2.8365e+01	2.1640e+01	0.0000e+00	0.0000e+00
6.0938e-03	7.2656e-03	2.7661e+01	2.1654e+01	0.0000e+00	0.0000e+00
6.3281e-03	7.2656e-03	2.7238e+01	2.1753e+01	0.0000e+00	0.0000e+00
6.5625e-03	7.2656e-03	2.6382e+01	2.1443e+01	0.0000e+00	0.0000e+00
6.7969e-03	7.2656e-03	2.6301e+01	2.1669e+01	0.0000e+00	0.0000e+00
7.0313e-03	7.2656e-03	2.6081e+01	2.2174e+01	0.0000e+00	0.0000e+00
7.2656e-03	7.2656e-03	2.6018e+01	2.1660e+01	1.0000e+00	0.0000e+00
2.3438e-04	7.0313e-03	4.5193e+01	2.2171e+01	0.0000e+00	0.0000e+00
4.6875e-04	7.0313e-03	4.4509e+01	2.1633e+01	0.0000e+00	0.0000e+00
7.0313e-04	7.0313e-03	4.4608e+01	2.1848e+01	1.0000e+00	0.0000e+00
9.3750e-04	7.0313e-03	4.4389e+01	2.1630e+01	0.0000e+00	0.0000e+00
1.1719e-03	7.0313e-03	4.4295e+01	2.1586e+01	0.0000e+00	0.0000e+00
1.4063e-03	7.0313e-03	4.4324e+01	2.1553e+01	0.0000e+00	0.0000e+00
1.6406e-03	7.0313e-03	4.4398e+01	2.1594e+01	1.0000e+00	0.0000e+00
1.8750e-03	7.0313e-03	4.4384e+01	2.1582e+01	1.0000e+00	0.0000e+00
2.1094e-03	7.0313e-03	4.4356e+01	2.1557e+01	1.0000e+00	0.0000e+00
2.3438e-03	7.0313e-03	4.4285e+01	2.1592e+01	0.0000e+00	0.0000e+00
2.5781e-03	7.0313e-03	4.4327e+01	2.1431e+01	0.0000e+00	0.0000e+00
2.8125e-03	7.0313e-03	4.3062e+01	2.1479e+01	1.0000e+00	0.0000e+00
3.0469e-03	7.0313e-03	4.1887e+01	2.1447e+01	1.0000e+00	0.0000e+00
3.2813e-03	7.0313e-03	4.0351e+01	2.1464e+01	1.0000e+00	0.0000e+00
3.5156e-03	7.0313e-03	3.8348e+01	2.1428e+01	0.0000e+00	0.0000e+00
3.7500e-03	7.0313e-03	3.6494e+01	2.1570e+01	0.0000e+00	0.0000e+00
3.9844e-03	7.0313e-03	3.5329e+01	2.1582e+01	0.0000e+00	0.0000e+00
4.2188e-03	7.0313e-03	3.3969e+01	2.1549e+01	0.0000e+00	0.0000e+00
4.4531e-03	7.0313e-03	3.2998e+01	2.1634e+01	1.0000e+00	0.0000e+00
4.6875e-03	7.0313e-03	3.1730e+01	2.1570e+01	0.0000e+00	0.0000e+00
4.9219e-03	7.0313e-03	3.0924e+01	2.1649e+01	1.0000e+00	0.0000e+00
5.1563e-03	7.0313e-03	3.0146e+01	2.1653e+01	1.0000e+00	0.0000e+00
5.3906e-03	7.0313e-03	2.9282e+01	2.1596e+01	0.0000e+00	0.0000e+00
5.6250e-03	7.0313e-03	2.8733e+01	2.1546e+01	0.0000e+00	0.0000e+00
5.8594e-03	7.0313e-03	2.8135e+01	2.1529e+01	0.0000e+00	0.0000e+00
6.0938e-03	7.0313e-03	2.7617e+01	2.1559e+01	0.0000e+00	0.0000e+00
6.3281e-03	7.0313e-03	2.7048e+01	2.1492e+01	0.0000e+00	0.0000e+00
6.5625e-03	7.0313e-03	2.6710e+01	2.1595e+01	1.0000e+00	0.0000e+00
6.7969e-03	7.0313e-03	2.6367e+01	2.1576e+01	0.0000e+00	0.0000e+00
7.0313e-03	7.0313e-03	2.6020e+01	2.1745e+01	0.0000e+00	0.0000e+00
7.2656e-03	7.0313e-03	2.5719e+01	2.1468e+01	0.0000e+00	0.0000e+00
2.3438e-04	6.7969e-03	4.5204e+01	2.1956e+01	0.0000e+00	0.0000e+00
4.6875e-04	6.7969e-03	4.4620e+01	2.1828e+01	1.0000e+00	0.0000e+00
7.0313e-04	6.7969e-03	4.4568e+01	2.1795e+01	1.0000e+00	0.0000e+00
9.3750e-04	6.7969e-03	4.4460e+01	2.1720e+01	1.0000e+00	0.0000e+00
1.1719e-03	6.7969e-03	4.4360e+01	2.1594e+01	0.0000e+00	0.0000e+00
1.4063e-03	6.7969e-03	4.4335e+01	2.1641e+01	0.0000e+00	0.0000e+00
1.6406e-03	6.7969e-03	4.4403e+01	2.1575e+01	1.0000e+00	0.0000e+00
1.8750e-03	6.7969e-03	4.4471e+01	2.1523e+01	0.0000e+00	0.0000e+00
2.1094e-03	6.7969e-03	4.4357e+01	2.1540e+01	1.0000e+00	0.0000e+00
2.3438e-03	6.7969e-03	4.4182e+01	2.1465e+01	0.0000e+00	0.0000e+00
2.5781e-03	6.7969e-03	4.4304e+01	2.1472e+01	0.0000e+00	0.0000e+00
2.8125e-03	6.7969e-03	4.3127e+01	2.1471e+01	1.0000e+00	0.0000e+00
3.0469e-03	6.7969e-03	4.1958e+01	2.1452e+01	1.0000e+00	0.0000e+00
3.2813e-03	6.7969e-03	4.0428e+01	2.1474e+01	1.0000e+00	0.0000e+00
3.5156e-03	6.7969e-03	3.8564e+01	2.1423e+01	0.0000e+00	0.0000e+00
3.7500e-03	6.7969e-03	3.6525e+01	2.1546e+01	0.0000e+00	0.0000e+00
3.9844e-03	6.7969e-03	3.5506e+01	2.1565e+01	1.0000e+00	0.0000e+00
4.2188e-03	6.7969e-03	3.4135e+01	2.1609e+01	1.0000e+00	0.0000e+00
4.4531e-03	6.7969e-03	3.2702e+01	2.1557e+01	0.0000e+00	0.0000e+00
4.6875e-03	6.7969e-03	3.1705e+01	2.1587e+01	0.0000e+00	0.0000e+00
4.9219e-03	6.7969e-03	3.0934e+01	2.1639e+01	1.0000e+00	0.0000e+00
5.1563e-03	6.7969e-03	3.0149e+01	2.1641e+01	1.0000e+00	0.0000e+00
5.3906e-03	6.7969e-03	2.9281e+01	2.1529e+01	0.0000e+00	0.0000e+00
5.6250e-03	6.7969e-03	2.8710e+01	2.1523e+01	0.0000e+00	0.0000e+00
5.8594e-03	6.7969e-03	2.8194e+01	2.1594e+01	1.0000e+00	0.0000e+00
6.0938e-03	6.7969e-03	2.7617e+01	2.1646e+01	0.0000e+00	0.0000e+00
6.3281e-03	6.7969e-03	2.7082e+01	2.1502e+01	0.0000e+00	0.0000e+00
6.5625e-03	6.7969e-03	2.6606e+01	2.1412e+01	0.0000e+00	0.0000e+00
6.7969e-03	6.7969e-03	2.6291e+01	2.1555e+01	0.0000e+00	0.0000e+00
7.0313e-03	6.7969e-03	2.5781e+01	2.1677e+01	0.0000e+00	0.0000e+00
7.2656e-03	6.7969e-03	2.5586e+01	2.1417e+01	0.0000e+00	0.0000e+00
2.3438e-04	6.5625e-03	4.4611e+01	2.1844e+01	0.0000e+00	0.0000e+00
4.6875e-04	6.5625e-03	4.4529e+01	2.1703e+01	1.0000e+00	0.0000e+00
7.0313e-04	6.5625e-03	4.4308e+01	2.1648e+01	0.0000e+00	0.0000e+00
9.3750e-04	6.5625e-03	4.4413e+01	2.1621e+01	1.0000e+00	0.0000e+00
1.1719e-03	6.5625e-03	4.4395e+01	2.1588e+01	0.0000e+00	0.0000e+00
1.4063e-03	6.5625e-03	4.4394e+01	2.1560e+01	1.0000e+00	0.0000e+00
1.6406e-03	6.5625e-03	4.4429e+01	2.1481e+01	0.0000e+00	0.0000e+00
1.8750e-03	6.5625e-03	4.4470e+01	2.1419e+01	0.0000e+00	0.0000e+00
2.1094e-03	6.5625e-03	4.4341e+01	2.1496e+01	1.0000e+00	0.0000e+00
2.3438e-03	6.5625e-03	4.4400e+01	2.1441e+01	0.0000e+00	0.0000e+00
2.5781e-03	6.5625e-03	4.3743e+01	2.1462e+01	1.0000e+00	0.0000e+00
2.8125e-03	6.5625e-03	4.3832e+01	2.1496e+01	0.0000e+00	0.0000e+00
3.0469e-03	6.5625e-03	4.2880e+01	2.1294e+01	0.0000e+00	0.0000e+00
3.2813e-03	6.5625e-03	4.1222e+01	2.1342e+01	0.0000e+00	0.0000e+00
3.5156e-03	6.5625e-03	3.8810e+01	2.1486e+01	0.0000e+00	0.0000e+00
3.7500e-03	6.5625e-03	3.6634e+01	2.1535e+01	0.0000e+00	0.0000e+00
3.9844e-03	6.5625e-03	3.5618e+01	2.1559e+01	1.0000e+00	0.0000e+00
4.2188e-03	6.5625e-03	3.4224e+01	2.1568e+01	1.0000e+00	0.0000e+00
4.4531e-03	6.5625e-03	3.2823e+01	2.1499e+01	0.0000e+00	0.0000e+00
4.6875e-03	6.5625e-03	3.1744e+01	2.1560e+01	0.0000e+00	0.0000e+00
4.9219e-03	6.5625e-03	3.0859e+01	2.1583e+01	0.0000e+00	0.0000e+00
5.1563e-03	6.5625e-03	3.0003e+01	2.1574e+01	0.0000e+00	0.0000e+00
5.3906e-03	6.5625e-03	2.9383e+01	2.1652e+01	0.0000e+00	0.0000e+00
5.6250e-03	6.5625e-03	2.8789e+01	2.1597e+01	0.0000e+00	0.0000e+00
5.8594e-03	6.5625e-03	2.8100e+01	2.1527e+01	0.0000e+00	0.0000e+00
6.0938e-03	6.5625e-03	2.7509e+01	2.1584e+01	0.0000e+00	0.0000e+00
6.3281e-03	6.5625e-03	2.7020e+01	2.1536e+01	0.0000e+00	0.0000e+00
6.5625e-03	6.5625e-03	2.6533e+01	2.1371e+01	0.0000e+00	0.0000e+00
6.7969e-03	6.5625e-03	2.6202e+01	2.1407e+01	0.0000e+00	0.0000e+00
7.0313e-03	6.5625e-03	2.6122e+01	2.1564e+01	1.0000e+00	0.0000e+00
7.2656e-03	6.5625e-03	2.5441e+01	2.1612e+01	0.0000e+00	0.0000e+00
2.3438e-04	6.3281e-03	4.4507e+01	2.1665e+01	1.0000e+00	0.0000e+00
4.6875e-04	6.3281e-03	4.4400e+01	2.1595e+01	0.0000e+00	0.0000e+00
7.0313e-04	6.3281e-03	4.4359e+01	2.1521e+01	0.0000e+00	0.0000e+00
9.3750e-04	6.3281e-03	4.4369e+01	2.1562e+01	0.0000e+00	0.0000e+00
1.1719e-03	6.3281e-03	4.4395e+01	2.1575e+01	1.0000e+00	0.0000e+00
1.4063e-03	6.3281e-03	4.4437e+01	2.1482e+01	0.0000e+00	0.0000e+00
1.6406e-03	6.3281e-03	4.4478e+01	2.1475e+01	0.0000e+00	0.0000e+00
1.8750e-03	6.3281e-03	4.4393e+01	2.1520e+01	1.0000e+00	0.0000e+00
2.1094e-03	6.3281e-03	4.4405e+01	2.1447e+01	0.0000e+00	0.0000e+00
2.3438e-03	6.3281e-03	4.4503e+01	2.1438e+01	0.0000e+00	0.0000e+00
2.5781e-03	6.3281e-03	4.3802e+01	2.1469e+01	1.0000e+00	0.0000e+00
2.8125e-03	6.3281e-03	4.3973e+01	2.1413e+01	0.0000e+00	0.0000e+00
3.0469e-03	6.3281e-03	4.3193e+01	2.1395e+01	0.0000e+00	0.0000e+00
3.2813e-03	6.3281e-03	4.1272e+01	2.1489e+01	0.0000e+00	0.0000e+00
3.5156e-03	6.3281e-03	3.8757e+01	2.1590e+01	0.0000e+00	0.0000e+00
3.7500e-03	6.3281e-03	3.6491e+01	2.1691e+01	0.0000e+00	0.0000e+00
3.9844e-03	6.3281e-03	3.5691e+01	2.1556e+01	1.0000e+00	0.0000e+00
4.2188e-03	6.3281e-03	3.4259e+01	2.1562e+01	1.0000e+00	0.0000e+00
4.4531e-03	6.3281e-03	3.2886e+01	2.1559e+01	0.0000e+00	0.0000e+00
4.6875e-03	6.3281e-03	3.1921e+01	2.1578e+01	1.0000e+00	0.0000e+00
4.9219e-03	6.3281e-03	3.0887e+01	2.1633e+01	0.0000e+00	0.0000e+00
5.1563e-03	6.3281e-03	3.0072e+01	2.1664e+01	0.0000e+00	0.0000e+00
5.3906e-03	6.3281e-03	2.9467e+01	2.1585e+01	1.0000e+00	0.0000e+00
5.6250e-03	6.3281e-03	2.8835e+01	2.1520e+01	0.0000e+00	0.0000e+00
5.8594e-03	6.3281e-03	2.8170e+01	2.1588e+01	1.0000e+00	0.0000e+00
6.0938e-03	6.3281e-03	2.7488e+01	2.1648e+01	0.0000e+00	0.0000e+00
6.3281e-03	6.3281e-03	2.7023e+01	2.1621e+01	0.0000e+00	0.0000e+00
6.5625e-03	6.3281e-03	2.6636e+01	2.1657e+01	0.0000e+00	0.0000e+00
6.7969e-03	6.3281e-03	2.6228e+01	2.1624e+01	0.0000e+00	0.0000e+00
7.0313e-03	6.3281e-03	2.5698e+01	2.1560e+01	0.0000e+00	0.0000e+00
7.2656e-03	6.3281e-03	2.5967e+01	2.1590e+01	1.0000e+00	0.0000e+00
2.3438e-04	6.0938e-03	4.4446e+01	2.1598e+01	1.0000e+00	0.0000e+00
4.6875e-04	6.0938e-03	4.4380e+01	2.1569e+01	0.0000e+00	0.0000e+00
7.0313e-04	6.0938e-03	4.4415e+01	2.1583e+01	1.0000e+00	0.0000e+00
9.3750e-04	6.0938e-03	4.4396e+01	2.1563e+01	1.0000e+00	0.0000e+00
1.1719e-03	6.0938e-03	4.4375e+01	2.1608e+01	0.0000e+00	0.0000e+00
1.4063e-03	6.0938e-03	4.4388e+01	2.1547e+01	1.0000e+00	0.0000e+00
1.6406e-03	6.0938e-03	4.4383e+01	2.1533e+01	1.0000e+00	0.0000e+00
1.8750e-03	6.0938e-03	4.4385e+01	2.1515e+01	1.0000e+00	0.0000e+00
2.1094e-03	6.0938e-03	4.4363e+01	2.1458e+01	0.0000e+00	0.0000e+00
2.3438e-03	6.0938e-03	4.4148e+01	2.1482e+01	1.0000e+00	0.0000e+00
2.5781e-03	6.0938e-03	4.3798e+01	2.1467e+01	1.0000e+00	0.0000e+00
2.8125e-03	6.0938e-03	4.3130e+01	2.1466e+01	1.0000e+00	0.0000e+00
3.0469e-03	6.0938e-03	4.2028e+01	2.1478e+01	1.0000e+00	0.0000e+00
3.2813e-03	6.0938e-03	4.1043e+01	2.1601e+01	0.0000e+00	0.0000e+00
3.5156e-03	6.0938e-03	3.8663e+01	2.1692e+01	0.0000e+00	0.0000e+00
3.7500e-03	6.0938e-03	3.7321e+01	2.1534e+01	1.0000e+00	0.0000e+00
3.9844e-03	6.0938e-03	3.5687e+01	2.1551e+01	1.0000e+00	0.0000e+00
4.2188e-03	6.0938e-03	3.3950e+01	2.1463e+01	0.0000e+00	0.0000e+00
4.4531e-03	6.0938e-03	3.2938e+01	2.1663e+01	0.0000e+00	0.0000e+00
4.6875e-03	6.0938e-03	3.1936e+01	2.1562e+01	1.0000e+00	0.0000e+00
4.9219e-03	6.0938e-03	3.0954e+01	2.1571e+01	0.0000e+00	0.0000e+00
5.1563e-03	6.0938e-03	3.0260e+01	2.1607e+01	0.0000e+00	0.0000e+00
5.3906e-03	6.0938e-03	2.9452e+01	2.1598e+01	0.0000e+00	0.0000e+00
5.6250e-03	6.0938e-03	2.8804e+01	2.1501e+01	0.0000e+00	0.0000e+00
5.8594e-03	6.0938e-03	2.8143e+01	2.1530e+01	0.0000e+00	0.0000e+00
6.0938e-03	6.0938e-03	2.7486e+01	2.1718e+01	0.0000e+00	0.0000e+00
6.3281e-03	6.0938e-03	2.7084e+01	2.1674e+01	0.0000e+00	0.0000e+00
6.5625e-03	6.0938e-03	2.6624e+01	2.1661e+01	0.0000e+00	0.0000e+00
6.7969e-03	6.0938e-03	2.6204e+01	2.1629e+01	0.0000e+00	0.0000e+00
7.0313e-03	6.0938e-03	2.5819e+01	2.1563e+01	0.0000e+00	0.0000e+00
7.2656e-03	6.0938e-03	2.5953e+01	2.1605e+01	1.0000e+00	0.0000e+00
2.3438e-04	5.8594e-03	4.4461e+01	2.1550e+01	1.0000e+00	0.0000e+00
4.6875e-04	5.8594e-03	4.4390e+01	2.1548e+01	0.0000e+00	0.0000e+00
7.0313e-04	5.8594e-03	4.4427e+01	2.1557e+01	1.0000e+00	0.0000e+00
9.3750e-04	5.8594e-03	4.4302e+01	2.1473e+01	0.0000e+00	0.0000e+00
1.1719e-03	5.8594e-03	4.4367e+01	2.1537e+01	0.0000e+00	0.0000e+00
1.4063e-03	5.8594e-03	4.4454e+01	2.1558e+01	0.0000e+00	0.0000e+00
1.6406e-03	5.8594e-03	4.4410e+01	2.1656e+01	0.0000e+00	0.0000e+00
1.8750e-03	5.8594e-03	4.4325e+01	2.1670e+01	0.0000e+00	0.0000e+00
2.1094e-03	5.8594e-03	4.4311e+01	2.1516e+01	1.0000e+00	0.0000e+00
2.3438e-03	5.8594e-03	4.4368e+01	2.1598e+01	0.0000e+00	0.0000e+00
2.5781e-03	5.8594e-03	4.3835e+01	2.1461e+01	1.0000e+00	0.0000e+00
2.8125e-03	5.8594e-03	4.3151e+01	2.1462e+01	1.0000e+00	0.0000e+00
3.0469e-03	5.8594e-03	4.3645e+01	2.1643e+01	0.0000e+00	0.0000e+00
3.2813e-03	5.8594e-03	4.1076e+01	2.1446e+01	0.0000e+00	0.0000e+00
3.5156e-03	5.8594e-03	3.9022e+01	2.1516e+01	1.0000e+00	0.0000e+00
3.7500e-03	5.8594e-03	3.6831e+01	2.1570e+01	0.0000e+00	0.0000e+00
3.9844e-03	5.8594e-03	3.5676e+01	2.1545e+01	1.0000e+00	0.0000e+00
4.2188e-03	5.8594e-03	3.4245e+01	2.1545e+01	1.0000e+00	0.0000e+00
4.4531e-03	5.8594e-03	3.3029e+01	2.1543e+01	1.0000e+00	0.0000e+00
4.6875e-03	5.8594e-03	3.1953e+01	2.1563e+01	1.0000e+00	0.0000e+00
4.9219e-03	5.8594e-03	3.0965e+01	2.1478e+01	0.0000e+00	0.0000e+00
5.1563e-03	5.8594e-03	3.0174e+01	2.1624e+01	0.0000e+00	0.0000e+00
5.3906e-03	5.8594e-03	2.9318e+01	2.1639e+01	0.0000e+00	0.0000e+00
5.6250e-03	5.8594e-03	2.8719e+01	2.1603e+01	0.0000e+00	0.0000e+00
5.8594e-03	5.8594e-03	2.8150e+01	2.1620e+01	0.0000e+00	0.0000e+00
6.0938e-03	5.8594e-03	2.7523e+01	2.1605e+01	0.0000e+00	0.0000e+00
6.3281e-03	5.8594e-03	2.7037e+01	2.1577e+01	0.0000e+00	0.0000e+00
6.5625e-03	5.8594e-03	2.6417e+01	2.1623e+01	0.0000e+00	0.0000e+00
6.7969e-03	5.8594e-03	2.6259e+01	2.1628e+01	1.0000e+00	0.0000e+00
7.0313e-03	5.8594e-03	2.6069e+01	2.1626e+01	1.0000e+00	0.0000e+00
7.2656e-03	5.8594e-03	2.5937e+01	2.1787e+01	0.0000e+00	0.0000e+00
2.3438e-04	5.6250e-03	4.4492e+01	2.1539e+01	1.0000e+00	0.0000e+00
4.6875e-04	5.6250e-03	4.4510e+01	2.1509e+01	0.0000e+00	0.0000e+00
7.0313e-04	5.6250e-03	4.4450e+01	2.1550e+01	1.0000e+00	0.0000e+00
9.3750e-04	5.6250e-03	4.4427e+01	2.1552e+01	1.0000e+00	0.0000e+00
1.1719e-03	5.6250e-03	4.4325e+01	2.1580e+01	0.0000e+00	0.0000e+00
1.4063e-03	5.6250e-03	4.4369e+01	2.1560e+01	0.0000e+00	0.0000e+00
1.6406e-03	5.6250e-03	4.4364e+01	2.1565e+01	1.0000e+00	0.0000e+00
1.8750e-03	5.6250e-03	4.4317e+01	2.1552e+01	0.0000e+00	0.0000e+00
2.1094e-03	5.6250e-03	4.4222e+01	2.1476e+01	0.0000e+00	0.0000e+00
2.3438e-03	5.6250e-03	4.4336e+01	2.1465e+01	0.0000e+00	0.0000e+00
2.5781e-03	5.6250e-03	4.4194e+01	2.1470e+01	0.0000e+00	0.0000e+00
2.8125e-03	5.6250e-03	4.3129e+01	2.1466e+01	1.0000e+00	0.0000e+00
3.0469e-03	5.6250e-03	4.2029e+01	2.1471e+01	1.0000e+00	0.0000e+00
3.2813e-03	5.6250e-03	4.0614e+01	2.1486e+01	1.0000e+00	0.0000e+00
3.5156e-03	5.6250e-03	3.8797e+01	2.1431e+01	0.0000e+00	0.0000e+00
3.7500e-03	5.6250e-03	3.6820e+01	2.1505e+01	0.0000e+00	0.0000e+00
3.9844e-03	5.6250e-03	3.5329e+01	2.1554e+01	0.0000e+00	0.0000e+00
4.2188e-03	5.6250e-03	3.4039e+01	2.1536e+01	0.0000e+00	0.0000e+00
4.4531e-03	5.6250e-03	3.3012e+01	2.1535e+01	1.0000e+00	0.0000e+00
4.6875e-03	5.6250e-03	3.1887e+01	2.1510e+01	0.0000e+00	0.0000e+00
4.9219e-03	5.6250e-03	3.0950e+01	2.1506e+01	0.0000e+00	0.0000e+00
5.1563e-03	5.6250e-03	3.0221e+01	2.1571e+01	1.0000e+00	0.0000e+00
5.3906e-03	5.6250e-03	2.9331e+01	2.1596e+01	0.0000e+00	0.0000e+00
5.6250e-03	5.6250e-03	2.8777e+01	2.1606e+01	1.0000e+00	0.0000e+00
5.8594e-03	5.6250e-03	2.8070e+01	2.1649e+01	0.0000e+00	0.0000e+00
6.0938e-03	5.6250e-03	2.7485e+01	2.1587e+01	0.0000e+00	0.0000e+00
6.3281e-03	5.6250e-03	2.7019e+01	2.1624e+01	1.0000e+00	0.0000e+00
6.5625e-03	5.6250e-03	2.6444e+01	2.1651e+01	0.0000e+00	0.0000e+00
6.7969e-03	5.6250e-03	2.5916e+01	2.1628e+01	0.0000e+00	0.0000e+00
7.0313e-03	5.6250e-03	2.5723e+01	2.1635e+01	0.0000e+00	0.0000e+00
7.2656e-03	5.6250e-03	2.5856e+01	2.1612e+01	1.0000e+00	0.0000e+00
2.3438e-04	5.3906e-03	4.4515e+01	2.1531e+01	1.0000e+00	0.0000e+00
4.6875e-04	5.3906e-03	4.4589e+01	2.1439e+01	0.0000e+00	0.0000e+00
7.0313e-04	5.3906e-03	4.4583e+01	2.1531e+01	0.0000e+00	0.0000e+00
9.3750e-04	5.3906e-03	4.4444e+01	2.1548e+01	1.0000e+00	0.0000e+00
1.1719e-03	5.3906e-03	4.4393e+01	2.1685e+01	0.0000e+00	0.0000e+00
1.4063e-03	5.3906e-03	4.4381e+01	2.1567e+01	0.0000e+00	0.0000e+00
1.6406e-03	5.3906e-03	4.4365e+01	2.1570e+01	1.0000e+00	0.0000e+00
1.8750e-03	5.3906e-03	4.4353e+01	2.1597e+01	0.0000e+00	0.0000e+00
2.1094e-03	5.3906e-03	4.4286e+01	2.1574e+01	0.0000e+00	0.0000e+00
2.3438e-03	5.3906e-03	4.4358e+01	2.1507e+01	0.0000e+00	0.0000e+00
2.5781e-03	5.3906e-03	4.4193e+01	2.1420e+01	0.0000e+00	0.0000e+00
2.8125e-03	5.3906e-03	4.4234e+01	2.1302e+01	0.0000e+00	0.0000e+00
3.0469e-03	5.3906e-03	4.3401e+01	2.1195e+01	0.0000e+00	0.0000e+00
3.2813e-03	5.3906e-03	4.0698e+01	2.1493e+01	1.0000e+00	0.0000e+00
3.5156e-03	5.3906e-03	3.8957e+01	2.1520e+01	1.0000e+00	0.0000e+00
3.7500e-03	5.3906e-03	3.7176e+01	2.1528e+01	1.0000e+00	0.0000e+00
3.9844e-03	5.3906e-03	3.5056e+01	2.1414e+01	0.0000e+00	0.0000e+00
4.2188e-03	5.3906e-03	3.4014e+01	2.1477e+01	0.0000e+00	0.0000e+00
4.4531e-03	5.3906e-03	3.2867e+01	2.1553e+01	0.0000e+00	0.0000e+00
4.6875e-03	5.3906e-03	3.1926e+01	2.1541e+01	0.0000e+00	0.0000e+00
4.9219e-03	5.3906e-03	3.0965e+01	2.1582e+01	0.0000e+00	0.0000e+00
5.1563e-03	5.3906e-03	3.0088e+01	2.1667e+01	0.0000e+00	0.0000e+00
5.3906e-03	5.3906e-03	2.9460e+01	2.1588e+01	1.0000e+00	0.0000e+00
5.6250e-03	5.3906e-03	2.8761e+01	2.1602e+01	1.0000e+00	0.0000e+00
5.8594e-03	5.3906e-03	2.8124e+01	2.1609e+01	1.0000e+00	0.0000e+00
6.0938e-03	5.3906e-03	2.7432e+01	2.1662e+01	0.0000e+00	0.0000e+00
6.3281e-03	5.3906e-03	2.6943e+01	2.1677e+01	0.0000e+00	0.0000e+00
6.5625e-03	5.3906e-03	2.6543e+01	2.1605e+01	1.0000e+00	0.0000e+00
6.7969e-03	5.3906e-03	2.5833e+01	2.1588e+01	0.0000e+00	0.0000e+00
7.0313e-03	5.3906e-03	2.5593e+01	2.1643e+01	0.0000e+00	0.0000e+00
7.2656e-03	5.3906e-03	2.5799e+01	2.1592e+01	1.0000e+00	0.0000e+00
2.3438e-04	5.1563e-03	4.4530e+01	2.1532e+01	1.0000e+00	0.0000e+00
4.6875e-04	5.1563e-03	4.4509e+01	2.1536e+01	1.0000e+00	0.0000e+00
7.0313e-04	5.1563e-03	4.4619e+01	2.1559e+01	0.0000e+00	0.0000e+00
9.3750e-04	5.1563e-03	4.4463e+01	2.1547e+01	1.0000e+00	0.0000e+00
1.1719e-03	5.1563e-03	4.4386e+01	2.1577e+01	0.0000e+00	0.0000e+00
1.4063e-03	5.1563e-03	4.4361e+01	2.1529e+01	0.0000e+00	0.0000e+00
1.6406e-03	5.1563e-03	4.4444e+01	2.1567e+01	0.0000e+00	0.0000e+00
1.8750e-03	5.1563e-03	4.4378e+01	2.1546e+01	1.0000e+00	0.0000e+00
2.1094e-03	5.1563e-03	4.4349e+01	2.1561e+01	0.0000e+00	0.0000e+00
2.3438e-03	5.1563e-03	4.4358e+01	2.1486e+01	0.0000e+00	0.0000e+00
2.5781e-03	5.1563e-03	4.3924e+01	2.1490e+01	1.0000e+00	0.0000e+00
2.8125e-03	5.1563e-03	4.4213e+01	2.1330e+01	0.0000e+00	0.0000e+00
3.0469e-03	5.1563e-03	4.2120e+01	2.1501e+01	1.0000e+00	0.0000e+00
3.2813e-03	5.1563e-03	4.1196e+01	2.1502e+01	0.0000e+00	0.0000e+00
3.5156e-03	5.1563e-03	3.8531e+01	2.1520e+01	0.0000e+00	0.0000e+00
3.7500e-03	5.1563e-03	3.6661e+01	2.1515e+01	0.0000e+00	0.0000e+00
3.9844e-03	5.1563e-03	3.4976e+01	2.1548e+01	0.0000e+00	0.0000e+00
4.2188e-03	5.1563e-03	3.4116e+01	2.1531e+01	1.0000e+00	0.0000e+00
4.4531e-03	5.1563e-03	3.2892e+01	2.1520e+01	0.0000e+00	0.0000e+00
4.6875e-03	5.1563e-03	3.1874e+01	2.1549e+01	0.0000e+00	0.0000e+00
4.9219e-03	5.1563e-03	3.1043e+01	2.1546e+01	1.0000e+00	0.0000e+00
5.1563e-03	5.1563e-03	3.0050e+01	2.1534e+01	0.0000e+00	0.0000e+00
5.3906e-03	5.1563e-03	2.9420e+01	2.1543e+01	0.0000e+00	0.0000e+00
5.6250e-03	5.1563e-03	2.8759e+01	2.1589e+01	1.0000e+00	0.0000e+00
5.8594e-03	5.1563e-03	2.8024e+01	2.1647e+01	0.0000e+00	0.0000e+00
6.0938e-03	5.1563e-03	2.7423e+01	2.1661e+01	0.0000e+00	0.0000e+00
6.3281e-03	5.1563e-03	2.6859e+01	2.1607e+01	0.0000e+00	0.0000e+00
6.5625e-03	5.1563e-03	2.6449e+01	2.1636e+01	0.0000e+00	0.0000e+00
6.7969e-03	5.1563e-03	2.5987e+01	2.1499e+01	0.0000e+00	0.0000e+00
7.0313e-03	5.1563e-03	2.5911e+01	2.1567e+01	1.0000e+00	0.0000e+00
7.2656e-03	5.1563e-03	2.5177e+01	2.1562e+01	0.0000e+00	0.0000e+00
2.3438e-04	4.9219e-03	4.4463e+01	2.1542e+01	1.0000e+00	0.0000e+00
4.6875e-04	4.9219e-03	4.4553e+01	2.1528e+01	0.0000e+00	0.0000e+00
7.0313e-04	4.9219e-03	4.4564e+01	2.1574e+01	0.0000e+00	0.0000e+00
9.3750e-04	4.9219e-03	4.4470e+01	2.1548e+01	1.0000e+00	0.0000e+00
1.1719e-03	4.9219e-03	4.4352e+01	2.1558e+01	0.0000e+00	0.0000e+00
1.4063e-03	4.9219e-03	4.4406e+01	2.1555e+01	0.0000e+00	0.0000e+00
1.6406e-03	4.9219e-03	4.4402e+01	2.1562e+01	1.0000e+00	0.0000e+00
1.8750e-03	4.9219e-03	4.4398e+01	2.1552e+01	1.0000e+00	0.0000e+00
2.1094e-03	4.9219e-03	4.4366e+01	2.1552e+01	1.0000e+00	0.0000e+00
2.3438e-03	4.9219e-03	4.4301e+01	2.1525e+01	1.0000e+00	0.0000e+00
2.5781e-03	4.9219e-03	4.4205e+01	2.1594e+01	0.0000e+00	0.0000e+00
2.8125e-03	4.9219e-03	4.4094e+01	2.1381e+01	0.0000e+00	0.0000e+00
3.0469e-03	4.9219e-03	4.3417e+01	2.1714e+01	0.0000e+00	0.0000e+00
3.2813e-03	4.9219e-03	4.1142e+01	2.1805e+01	0.0000e+00	0.0000e+00
3.5156e-03	4.9219e-03	3.8954e+01	2.1561e+01	1.0000e+00	0.0000e+00
3.7500e-03	4.9219e-03	3.6714e+01	2.1497e+01	0.0000e+00	0.0000e+00
3.9844e-03	4.9219e-03	3.5521e+01	2.1541e+01	1.0000e+00	0.0000e+00
4.2188e-03	4.9219e-03	3.3959e+01	2.1635e+01	0.0000e+00	0.0000e+00
4.4531e-03	4.9219e-03	3.2778e+01	2.1470e+01	0.0000e+00	0.0000e+00
4.6875e-03	4.9219e-03	3.1925e+01	2.1552e+01	1.0000e+00	0.0000e+00
4.9219e-03	4.9219e-03	3.0912e+01	2.1636e+01	0.0000e+00	0.0000e+00
5.1563e-03	4.9219e-03	3.0058e+01	2.1468e+01	0.0000e+00	0.0000e+00
5.3906e-03	4.9219e-03	2.9419e+01	2.1557e+01	0.0000e+00	0.0000e+00
5.6250e-03	4.9219e-03	2.8699e+01	2.1600e+01	0.0000e+00	0.0000e+00
5.8594e-03	4.9219e-03	2.8092e+01	2.1626e+01	0.0000e+00	0.0000e+00
6.0938e-03	4.9219e-03	2.7542e+01	2.1599e+01	1.0000e+00	0.0000e+00
6.3281e-03	4.9219e-03	2.6881e+01	2.1537e+01	0.0000e+00	0.0000e+00
6.5625e-03	4.9219e-03	2.6512e+01	2.1577e+01	1.0000e+00	0.0000e+00
6.7969e-03	4.9219e-03	2.5916e+01	2.1514e+01	0.0000e+00	0.0000e+00
7.0313e-03	4.9219e-03	2.5907e+01	2.1549e+01	1.0000e+00	0.0000e+00
7.2656e-03	4.9219e-03	2.5315e+01	2.1448e+01	0.0000e+00	0.0000e+00
2.3438e-04	4.6875e-03	4.4512e+01	2.1543e+01	1.0000e+00	0.0000e+00
4.6875e-04	4.6875e-03	4.4500e+01	2.1544e+01	1.0000e+00	0.0000e+00
7.0313e-04	4.6875e-03	4.4484e+01	2.1544e+01	1.0000e+00	0.0000e+00
9.3750e-04	4.6875e-03	4.4467e+01	2.1546e+01	1.0000e+00	0.0000e+00
1.1719e-03	4.6875e-03	4.4423e+01	2.1494e+01	0.0000e+00	0.0000e+00
1.4063e-03	4.6875e-03	4.4543e+01	2.1521e+01	0.0000e+00	0.0000e+00
1.6406e-03	4.6875e-03	4.4510e+01	2.1608e+01	0.0000e+00	0.0000e+00
1.8750e-03	4.6875e-03	4.4336e+01	2.1558e+01	0.0000e+00	0.0000e+00
2.1094e-03	4.6875e-03	4.4447e+01	2.1518e+01	0.0000e+00	0.0000e+00
2.3438e-03	4.6875e-03	4.4496e+01	2.1558e+01	0.0000e+00	0.0000e+00
2.5781e-03	4.6875e-03	4.4437e+01	2.1566e+01	0.0000e+00	0.0000e+00
2.8125e-03	4.6875e-03	4.3849e+01	2.1526e+01	0.0000e+00	0.0000e+00
3.0469e-03	4.6875e-03	4.2238e+01	2.1624e+01	1.0000e+00	0.0000e+00
3.2813e-03	4.6875e-03	4.1081e+01	2.1721e+01	0.0000e+00	0.0000e+00
3.5156e-03	4.6875e-03	3.8560e+01	2.1460e+01	0.0000e+00	0.0000e+00
3.7500e-03	4.6875e-03	3.6712e+01	2.1506e+01	0.0000e+00	0.0000e+00
3.9844e-03	4.6875e-03	3.5099e+01	2.1536e+01	0.0000e+00	0.0000e+00
4.2188e-03	4.6875e-03	3.3898e+01	2.1599e+01	0.0000e+00	0.0000e+00
4.4531e-03	4.6875e-03	3.2777e+01	2.1555e+01	0.0000e+00	0.0000e+00
4.6875e-03	4.6875e-03	3.1792e+01	2.1577e+01	0.0000e+00	0.0000e+00
4.9219e-03	4.6875e-03	3.0934e+01	2.1551e+01	0.0000e+00	0.0000e+00
5.1563e-03	4.6875e-03	3.0119e+01	2.1457e+01	0.0000e+00	0.0000e+00
5.3906e-03	4.6875e-03	2.9416e+01	2.1491e+01	0.0000e+00	0.0000e+00
5.6250e-03	4.6875e-03	2.8674e+01	2.1563e+01	0.0000e+00	0.0000e+00
5.8594e-03	4.6875e-03	2.8093e+01	2.1657e+01	0.0000e+00	0.0000e+00
6.0938e-03	4.6875e-03	2.7520e+01	2.1586e+01	0.0000e+00	0.0000e+00
6.3281e-03	4.6875e-03	2.6990e+01	2.1576e+01	1.0000e+00	0.0000e+00
6.5625e-03	4.6875e-03	2.6490e+01	2.1497e+01	0.0000e+00	0.0000e+00
6.7969e-03	4.6875e-03	2.5988e+01	2.1507e+01	0.0000e+00	0.0000e+00
7.0313e-03	4.6875e-03	2.5497e+01	2.1543e+01	0.0000e+00	0.0000e+00
7.2656e-03	4.6875e-03	2.5581e+01	2.1492e+01	0.0000e+00	0.0000e+00
2.3438e-04	4.4531e-03	4.3696e+01	2.1570e+01	0.0000e+00	0.0000e+00
4.6875e-04	4.4531e-03	4.4373e+01	2.1635e+01	0.0000e+00	0.0000e+00
7.0313e-04	4.4531e-03	4.4382e+01	2.1534e+01	0.0000e+00	0.0000e+00
9.3750e-04	4.4531e-03	4.4510e+01	2.1539e+01	0.0000e+00	0.0000e+00
1.1719e-03	4.4531e-03	4.4459e+01	2.1551e+01	1.0000e+00	0.0000e+00
1.4063e-03	4.4531e-03	4.4506e+01	2.1503e+01	0.0000e+00	0.0000e+00
1.6406e-03	4.4531e-03	4.4429e+01	2.1538e+01	1.0000e+00	0.0000e+00
1.8750e-03	4.4531e-03	4.4394e+01	2.1641e+01	0.0000e+00	0.0000e+00
2.1094e-03	4.4531e-03	4.4366e+01	2.1545e+01	0.0000e+00	0.0000e+00
2.3438e-03	4.4531e-03	4.4403e+01	2.1552e+01	0.0000e+00	0.0000e+00
2.5781e-03	4.4531e-03	4.4405e+01	2.1617e+01	0.0000e+00	0.0000e+00
2.8125e-03	4.4531e-03	4.4120e+01	2.1644e+01	0.0000e+00	0.0000e+00
3.0469e-03	4.4531e-03	4.2795e+01	2.1866e+01	0.0000e+00	0.0000e+00
3.2813e-03	4.4531e-03	4.1080e+01	2.1591e+01	0.0000e+00	0.0000e+00
3.5156e-03	4.4531e-03	3.8974e+01	2.1664e+01	1.0000e+00	0.0000e+00
3.7500e-03	4.4531e-03	3.7153e+01	2.1610e+01	1.0000e+00	0.0000e+00
3.9844e-03	4.4531e-03	3.5470e+01	2.1572e+01	1.0000e+00	0.0000e+00
4.2188e-03	4.4531e-03	3.3856e+01	2.1605e+01	0.0000e+00	0.0000e+00
4.4531e-03	4.4531e-03	3.2900e+01	2.1564e+01	1.0000e+00	0.0000e+00
4.6875e-03	4.4531e-03	3.1683e+01	2.1492e+01	0.0000e+00	0.0000e+00
4.9219e-03	4.4531e-03	3.0912e+01	2.1594e+01	0.0000e+00	0.0000e+00
5.1563e-03	4.4531e-03	3.0201e+01	2.1550e+01	1.0000e+00	0.0000e+00
5.3906e-03	4.4531e-03	2.9461e+01	2.1492e+01	0.0000e+00	0.0000e+00
5.6250e-03	4.4531e-03	2.8782e+01	2.1556e+01	0.0000e+00	0.0000e+00
5.8594e-03	4.4531e-03	2.8147e+01	2.1574e+01	1.0000e+00	0.0000e+00
6.0938e-03	4.4531e-03	2.7471e+01	2.1629e+01	0.0000e+00	0.0000e+00
6.3281e-03	4.4531e-03	2.6970e+01	2.1563e+01	0.0000e+00	0.0000e+00
6.5625e-03	4.4531e-03	2.6450e+01	2.1532e+01	0.0000e+00	0.0000e+00
6.7969e-03	4.4531e-03	2.6013e+01	2.1537e+01	0.0000e+00	0.0000e+00
7.0313e-03	4.4531e-03	2.5895e+01	2.1549e+01	1.0000e+00	0.0000e+00
7.2656e-03	4.4531e-03	2.5461e+01	2.1564e+01	0.0000e+00	0.0000e+00
2.3438e-04	4.2188e-03	4.5406e+01	2.1413e+01	0.0000e+00	0.0000e+00
4.6875e-04	4.2188e-03	4.4412e+01	2.1561e+01	0.0000e+00	0.0000e+00
7.0313e-04	4.2188e-03	4.4607e+01	2.1545e+01	1.0000e+00	0.0000e+00
9.3750e-04	4.2188e-03	4.4453e+01	2.1551e+01	1.0000e+00	0.0000e+00
1.1719e-03	4.2188e-03	4.4468e+01	2.1538e+01	0.0000e+00	0.0000e+00
1.4063e-03	4.2188e-03	4.4361e+01	2.1524e+01	0.0000e+00	0.0000e+00
1.6406e-03	4.2188e-03	4.4486e+01	2.1524e+01	0.0000e+00	0.0000e+00
1.8750e-03	4.2188e-03	4.4469e+01	2.1544e+01	0.0000e+00	0.0000e+00
2.1094e-03	4.2188e-03	4.4397e+01	2.1546e+01	1.0000e+00	0.0000e+00
2.3438e-03	4.2188e-03	4.4306e+01	2.1565e+01	1.0000e+00	0.0000e+00
2.5781e-03	4.2188e-03	4.3986e+01	2.1626e+01	1.0000e+00	0.0000e+00
2.8125e-03	4.2188e-03	4.4328e+01	2.1694e+01	0.0000e+00	0.0000e+00
3.0469e-03	4.2188e-03	4.3143e+01	2.2035e+01	0.0000e+00	0.0000e+00
3.2813e-03	4.2188e-03	4.1186e+01	2.1853e+01	0.0000e+00	0.0000e+00
3.5156e-03	4.2188e-03	3.8450e+01	2.1678e+01	0.0000e+00	0.0000e+00
3.7500e-03	4.2188e-03	3.6453e+01	2.1607e+01	0.0000e+00	0.0000e+00
3.9844e-03	4.2188e-03	3.5116e+01	2.1622e+01	0.0000e+00	0.0000e+00
4.2188e-03	4.2188e-03	3.3849e+01	2.1547e+01	0.0000e+00	0.0000e+00
4.4531e-03	4.2188e-03	3.2922e+01	2.1565e+01	1.0000e+00	0.0000e+00
4.6875e-03	4.2188e-03	3.1748e+01	2.1512e+01	0.0000e+00	0.0000e+00
4.9219e-03	4.2188e-03	3.0984e+01	2.1631e+01	0.0000e+00	0.0000e+00
5.1563e-03	4.2188e-03	3.0150e+01	2.1577e+01	0.0000e+00	0.0000e+00
5.3906e-03	4.2188e-03	2.9437e+01	2.1484e+01	0.0000e+00	0.0000e+00
5.6250e-03	4.2188e-03	2.8818e+01	2.1535e+01	0.0000e+00	0.0000e+00
5.8594e-03	4.2188e-03	2.8121e+01	2.1635e+01	0.0000e+00	0.0000e+00
6.0938e-03	4.2188e-03	2.7483e+01	2.1600e+01	0.0000e+00	0.0000e+00
6.3281e-03	4.2188e-03	2.6949e+01	2.1540e+01	0.0000e+00	0.0000e+00
6.5625e-03	4.2188e-03	2.6426e+01	2.1529e+01	0.0000e+00	0.0000e+00
6.7969e-03	4.2188e-03	2.5957e+01	2.1539e+01	0.0000e+00	0.0000e+00
7.0313e-03	4.2188e-03	2.5584e+01	2.1587e+01	0.0000e+00	0.0000e+00
7.2656e-03	4.2188e-03	2.5411e+01	2.1683e+01	0.0000e+00	0.0000e+00
2.3438e-04	3.9844e-03	4.7648e+01	2.1378e+01	0.0000e+00	0.0000e+00
4.6875e-04	3.9844e-03	4.4449e+01	2.1606e+01	0.0000e+00	0.0000e+00
7.0313e-04	3.9844e-03	4.4364e+01	2.1668e+01	0.0000e+00	0.0000e+00
9.3750e-04	3.9844e-03	4.4478e+01	2.1646e+01	0.0000e+00	0.0000e+00
1.1719e-03	3.9844e-03	4.4470e+01	2.1564e+01	0.0000e+00	0.0000e+00
1.4063e-03	3.9844e-03	4.4450e+01	2.1532e+01	1.0000e+00	0.0000e+00
1.6406e-03	3.9844e-03	4.4451e+01	2.1510e+01	0.0000e+00	0.0000e+00
1.8750e-03	3.9844e-03	4.4448e+01	2.1448e+01	0.0000e+00	0.0000e+00
2.1094e-03	3.9844e-03	4.4354e+01	2.1467e+01	0.0000e+00	0.0000e+00
2.3438e-03	3.9844e-03	4.4327e+01	2.1493e+01	0.0000e+00	0.0000e+00
2.5781e-03	3.9844e-03	4.4400e+01	2.1511e+01	0.0000e+00	0.0000e+00
2.8125e-03	3.9844e-03	4.3303e+01	2.1657e+01	1.0000e+00	0.0000e+00
3.0469e-03	3.9844e-03	4.3310e+01	2.1945e+01	0.0000e+00	0.0000e+00
3.2813e-03	3.9844e-03	4.0640e+01	2.1680e+01	1.0000e+00	0.0000e+00
3.5156e-03	3.9844e-03	3.8453e+01	2.1683e+01	0.0000e+00	0.0000e+00
3.7500e-03	3.9844e-03	3.7090e+01	2.1605e+01	1.0000e+00	0.0000e+00
3.9844e-03	3.9844e-03	3.5449e+01	2.1597e+01	1.0000e+00	0.0000e+00
4.2188e-03	3.9844e-03	3.3912e+01	2.1467e+01	0.0000e+00	0.0000e+00
4.4531e-03	3.9844e-03	3.2919e+01	2.1569e+01	1.0000e+00	0.0000e+00
4.6875e-03	3.9844e-03	3.1885e+01	2.1565e+01	1.0000e+00	0.0000e+00
4.9219e-03	3.9844e-03	3.0945e+01	2.1567e+01	0.0000e+00	0.0000e+00
5.1563e-03	3.9844e-03	3.0173e+01	2.1563e+01	0.0000e+00	0.0000e+00
5.3906e-03	3.9844e-03	2.9402e+01	2.1563e+01	0.0000e+00	0.0000e+00
5.6250e-03	3.9844e-03	2.8794e+01	2.1611e+01	0.0000e+00	0.0000e+00
5.8594e-03	3.9844e-03	2.8109e+01	2.1634e+01	0.0000e+00	0.0000e+00
6.0938e-03	3.9844e-03	2.7507e+01	2.1595e+01	0.0000e+00	0.0000e+00
6.3281e-03	3.9844e-03	2.6917e+01	2.1550e+01	0.0000e+00	0.0000e+00
6.5625e-03	3.9844e-03	2.6463e+01	2.1513e+01	0.0000e+00	0.0000e+00
6.7969e-03	3.9844e-03	2.5949e+01	2.1538e+01	0.0000e+00	0.0000e+00
7.0313e-03	3.9844e-03	2.5527e+01	2.1651e+01	0.0000e+00	0.0000e+00
7.2656e-03	3.9844e-03	2.5638e+01	2.1639e+01	0.0000e+00	0.0000e+00
2.3438e-04	3.7500e-03	4.4869e+01	2.1542e+01	1.0000e+00	0.0000e+00
4.6875e-04	3.7500e-03	4.4408e+01	2.1557e+01	0.0000e+00	0.0000e+00
7.0313e-04	3.7500e-03	4.4375e+01	2.1590e+01	0.0000e+00	0.0000e+00
9.3750e-04	3.7500e-03	4.4473e+01	2.1486e+01	0.0000e+00	0.0000e+00
1.1719e-03	3.7500e-03	4.4485e+01	2.1463e+01	0.0000e+00	0.0000e+00
1.4063e-03	3.7500e-03	4.4441e+01	2.1526e+01	1.0000e+00	0.0000e+00
1.6406e-03	3.7500e-03	4.4396e+01	2.1474e+01	0.0000e+00	0.0000e+00
1.8750e-03	3.7500e-03	4.4516e+01	2.1499e+01	0.0000e+00	0.0000e+00
2.1094e-03	3.7500e-03	4.4348e+01	2.1550e+01	1.0000e+00	0.0000e+00
2.3438e-03	3.7500e-03	4.4317e+01	2.1553e+01	0.0000e+00	0.0000e+00
2.5781e-03	3.7500e-03	4.4275e+01	2.1672e+01	0.0000e+00	0.0000e+00
2.8125e-03	3.7500e-03	4.4256e+01	2.1588e+01	0.0000e+00	0.0000e+00
3.0469e-03	3.7500e-03	4.2057e+01	2.1677e+01	1.0000e+00	0.0000e+00
3.2813e-03	3.7500e-03	4.0812e+01	2.1341e+01	0.0000e+00	0.0000e+00
3.5156e-03	3.7500e-03	3.8798e+01	2.1656e+01	1.0000e+00	0.0000e+00
3.7500e-03	3.7500e-03	3.6631e+01	2.1598e+01	0.0000e+00	0.0000e+00
3.9844e-03	3.7500e-03	3.5373e+01	2.1598e+01	1.0000e+00	0.0000e+00
4.2188e-03	3.7500e-03	3.3941e+01	2.1500e+01	0.0000e+00	0.0000e+00
4.4531e-03	3.7500e-03	3.2932e+01	2.1576e+01	1.0000e+00	0.0000e+00
4.6875e-03	3.7500e-03	3.1758e+01	2.1615e+01	0.0000e+00	0.0000e+00
4.9219e-03	3.7500e-03	3.0900e+01	2.1572e+01	0.0000e+00	0.0000e+00
5.1563e-03	3.7500e-03	3.0143e+01	2.1577e+01	0.0000e+00	0.0000e+00
5.3906e-03	3.7500e-03	2.9414e+01	2.1604e+01	0.0000e+00	0.0000e+00
5.6250e-03	3.7500e-03	2.8794e+01	2.1561e+01	1.0000e+00	0.0000e+00
5.8594e-03	3.7500e-03	2.8155e+01	2.1515e+01	0.0000e+00	0.0000e+00
6.0938e-03	3.7500e-03	2.7563e+01	2.1548e+01	1.0000e+00	0.0000e+00
6.3281e-03	3.7500e-03	2.6991e+01	2.1538e+01	1.0000e+00	0.0000e+00
6.5625e-03	3.7500e-03	2.6450e+01	2.1585e+01	0.0000e+00	0.0000e+00
6.7969e-03	3.7500e-03	2.6016e+01	2.1575e+01	0.0000e+00	0.0000e+00
7.0313e-03	3.7500e-03	2.5575e+01	2.1461e+01	0.0000e+00	0.0000e+00
7.2656e-03	3.7500e-03	2.5710e+01	2.1551e+01	1.0000e+00	0.0000e+00
2.3438e-04	3.5156e-03	4.4894e+01	2.1565e+01	1.0000e+00	0.0000e+00
4.6875e-04	3.5156e-03	4.4778e+01	2.1561e+01	1.0000e+00	0.0000e+00
7.0313e-04	3.5156e-03	4.4713e+01	2.1556e+01	1.0000e+00	0.0000e+00
9.3750e-04	3.5156e-03	4.4465e+01	2.1561e+01	1.0000e+00	0.0000e+00
1.1719e-03	3.5156e-03	4.4443e+01	2.1540e+01	1.0000e+00	0.0000e+00
1.4063e-03	3.5156e-03	4.4435e+01	2.1523e+01	1.0000e+00	0.0000e+00
1.6406e-03	3.5156e-03	4.4350e+01	2.1485e+01	0.0000e+00	0.0000e+00
1.8750e-03	3.5156e-03	4.4460e+01	2.1597e+01	0.0000e+00	0.0000e+00
2.1094e-03	3.5156e-03	4.4339e+01	2.1551e+01	1.0000e+00	0.0000e+00
2.3438e-03	3.5156e-03	4.4219e+01	2.1579e+01	1.0000e+00	0.0000e+00
2.5781e-03	3.5156e-03	4.3928e+01	2.1621e+01	1.0000e+00	0.0000e+00
2.8125e-03	3.5156e-03	4.4208e+01	2.1735e+01	0.0000e+00	0.0000e+00
3.0469e-03	3.5156e-03	4.2009e+01	2.1645e+01	1.0000e+00	0.0000e+00
3.2813e-03	3.5156e-03	4.0472e+01	2.1636e+01	1.0000e+00	0.0000e+00
3.5156e-03	3.5156e-03	3.8755e+01	2.1631e+01	1.0000e+00	0.0000e+00
3.7500e-03	3.5156e-03	3.6621e+01	2.1598e+01	0.0000e+00	0.0000e+00
3.9844e-03	3.5156e-03	3.5096e+01	2.1561e+01	0.0000e+00	0.0000e+00
4.2188e-03	3.5156e-03	3.4072e+01	2.1581e+01	1.0000e+00	0.0000e+00
4.4531e-03	3.5156e-03	3.2749e+01	2.1648e+01	0.0000e+00	0.0000e+00
4.6875e-03	3.5156e-03	3.1936e+01	2.1568e+01	1.0000e+00	0.0000e+00
4.9219e-03	3.5156e-03	3.1013e+01	2.1559e+01	1.0000e+00	0.0000e+00
5.1563e-03	3.5156e-03	3.0136e+01	2.1574e+01	0.0000e+00	0.0000e+00
5.3906e-03	3.5156e-03	2.9401e+01	2.1488e+01	0.0000e+00	0.0000e+00
5.6250e-03	3.5156e-03	2.8772e+01	2.1543e+01	1.0000e+00	0.0000e+00
5.8594e-03	3.5156e-03	2.8168e+01	2.1589e+01	0.0000e+00	0.0000e+00
6.0938e-03	3.5156e-03	2.7565e+01	2.1571e+01	0.0000e+00	0.0000e+00
6.3281e-03	3.5156e-03	2.6975e+01	2.1515e+01	1.0000e+00	0.0000e+00
6.5625e-03	3.5156e-03	2.6432e+01	2.1459e+01	0.0000e+00	0.0000e+00
6.7969e-03	3.5156e-03	2.6098e+01	2.1501e+01	1.0000e+00	0.0000e+00
7.0313e-03	3.5156e-03	2.5631e+01	2.1484e+01	0.0000e+00	0.0000e+00
7.2656e-03	3.5156e-03	2.5587e+01	2.1482e+01	0.0000e+00	0.0000e+00
2.3438e-04	3.2813e-03	4.5058e+01	2.1497e+01	0.0000e+00	0.0000e+00
4.6875e-04	3.2813e-03	4.4460e+01	2.1571e+01	0.0000e+00	0.0000e+00
7.0313e-04	3.2813e-03	4.4478e+01	2.1523e+01	0.0000e+00	0.0000e+00
9.3750e-04	3.2813e-03	4.4397e+01	2.1528e+01	0.0000e+00	0.0000e+00
1.1719e-03	3.2813e-03	4.4456e+01	2.1565e+01	0.0000e+00	0.0000e+00
1.4063e-03	3.2813e-03	4.4424e+01	2.1524e+01	1.0000e+00	0.0000e+00
1.6406e-03	3.2813e-03	4.4422e+01	2.1484e+01	0.0000e+00	0.0000e+00
1.8750e-03	3.2813e-03	4.4378e+01	2.1506e+01	0.0000e+00	0.0000e+00
2.1094e-03	3.2813e-03	4.4396e+01	2.1584e+01	0.0000e+00	0.0000e+00
2.3438e-03	3.2813e-03	4.4224e+01	2.1588e+01	1.0000e+00	0.0000e+00
2.5781e-03	3.2813e-03	4.4036e+01	2.1802e+01	0.0000e+00	0.0000e+00
2.8125e-03	3.2813e-03	4.3207e+01	2.1623e+01	1.0000e+00	0.0000e+00
3.0469e-03	3.2813e-03	4.1977e+01	2.1633e+01	1.0000e+00	0.0000e+00
3.2813e-03	3.2813e-03	4.0420e+01	2.1620e+01	1.0000e+00	0.0000e+00
3.5156e-03	3.2813e-03	3.8674e+01	2.1618e+01	1.0000e+00	0.0000e+00
3.7500e-03	3.2813e-03	3.6605e+01	2.1639e+01	0.0000e+00	0.0000e+00
3.9844e-03	3.2813e-03	3.5139e+01	2.1632e+01	0.0000e+00	0.0000e+00
4.2188e-03	3.2813e-03	3.3887e+01	2.1609e+01	0.0000e+00	0.0000e+00
4.4531e-03	3.2813e-03	3.2959e+01	2.1576e+01	1.0000e+00	0.0000e+00
4.6875e-03	3.2813e-03	3.1890e+01	2.1624e+01	0.0000e+00	0.0000e+00
4.9219e-03	3.2813e-03	3.1027e+01	2.1551e+01	1.0000e+00	0.0000e+00
5.1563e-03	3.2813e-03	3.0193e+01	2.1582e+01	0.0000e+00	0.0000e+00
5.3906e-03	3.2813e-03	2.9272e+01	2.1423e+01	0.0000e+00	0.0000e+00
5.6250e-03	3.2813e-03	2.8658e+01	2.1563e+01	0.0000e+00	0.0000e+00
5.8594e-03	3.2813e-03	2.8053e+01	2.1580e+01	0.0000e+00	0.0000e+00
6.0938e-03	3.2813e-03	2.7540e+01	2.1505e+01	1.0000e+00	0.0000e+00
6.3281e-03	3.2813e-03	2.6977e+01	2.1511e+01	0.0000e+00	0.0000e+00
6.5625e-03	3.2813e-03	2.6409e+01	2.1378e+01	0.0000e+00	0.0000e+00
6.7969e-03	3.2813e-03	2.5938e+01	2.1412e+01	0.0000e+00	0.0000e+00
7.0313e-03	3.2813e-03	2.5587e+01	2.1616e+01	0.0000e+00	0.0000e+00
7.2656e-03	3.2813e-03	2.5526e+01	2.1550e+01	0.0000e+00	0.0000e+00
2.3438e-04	3.0469e-03	4.5859e+01	2.1559e+01	0.0000e+00	0.0000e+00
4.6875e-04	3.0469e-03	4.4526e+01	2.1687e+01	0.0000e+00	0.0000e+00
7.0313e-04	3.0469e-03	4.4452e+01	2.1619e+01	0.0000e+00	0.0000e+00
9.3750e-04	3.0469e-03	4.4349e+01	2.1510e+01	0.0000e+00	0.0000e+00
1.1719e-03	3.0469e-03	4.4442e+01	2.1550e+01	1.0000e+00	0.0000e+00
1.4063e-03	3.0469e-03	4.4429e+01	2.1577e+01	0.0000e+00	0.0000e+00
1.6406e-03	3.0469e-03	4.4471e+01	2.1499e+01	0.0000e+00	0.0000e+00
1.8750e-03	3.0469e-03	4.4383e+01	2.1493e+01	0.0000e+00	0.0000e+00
2.1094e-03	3.0469e-03	4.4370e+01	2.1579e+01	0.0000e+00	0.0000e+00
2.3438e-03	3.0469e-03	4.4331e+01	2.1620e+01	0.0000e+00	0.0000e+00
2.5781e-03	3.0469e-03	4.4038e+01	2.1623e+01	0.0000e+00	0.0000e+00
2.8125e-03	3.0469e-03	4.3469e+01	2.1547e+01	0.0000e+00	0.0000e+00
3.0469e-03	3.0469e-03	4.3188e+01	2.1650e+01	0.0000e+00	0.0000e+00
3.2813e-03	3.0469e-03	4.0461e+01	2.1627e+01	1.0000e+00	0.0000e+00
3.5156e-03	3.0469e-03	3.8552e+01	2.1630e+01	0.0000e+00	0.0000e+00
3.7500e-03	3.0469e-03	3.6908e+01	2.1597e+01	1.0000e+00	0.0000e+00
3.9844e-03	3.0469e-03	3.5030e+01	2.1627e+01	0.0000e+00	0.0000e+00
4.2188e-03	3.0469e-03	3.3982e+01	2.1563e+01	0.0000e+00	0.0000e+00
4.4531e-03	3.0469e-03	3.2821e+01	2.1493e+01	0.0000e+00	0.0000e+00
4.6875e-03	3.0469e-03	3.1832e+01	2.1528e+01	0.0000e+00	0.0000e+00
4.9219e-03	3.0469e-03	3.1099e+01	2.1607e+01	0.0000e+00	0.0000e+00
5.1563e-03	3.0469e-03	3.0157e+01	2.1575e+01	0.0000e+00	0.0000e+00
5.3906e-03	3.0469e-03	2.9281e+01	2.1413e+01	0.0000e+00	0.0000e+00
5.6250e-03	3.0469e-03	2.8600e+01	2.1425e+01	0.0000e+00	0.0000e+00
5.8594e-03	3.0469e-03	2.8126e+01	2.1495e+01	1.0000e+00	0.0000e+00
6.0938e-03	3.0469e-03	2.7527e+01	2.1493e+01	1.0000e+00	0.0000e+00
6.3281e-03	3.0469e-03	2.6847e+01	2.1405e+01	0.0000e+00	0.0000e+00
6.5625e-03	3.0469e-03	2.6343e+01	2.1438e+01	0.0000e+00	0.0000e+00
6.7969e-03	3.0469e-03	2.5939e+01	2.1439e+01	0.0000e+00	0.0000e+00
7.0313e-03	3.0469e-03	2.5551e+01	2.1380e+01	0.0000e+00	0.0000e+00
7.2656e-03	3.0469e-03	2.5507e+01	2.1354e+01	0.0000e+00	0.0000e+00
2.3438e-04	2.8125e-03	4.5527e+01	2.1462e+01	0.0000e+00	0.0000e+00
4.6875e-04	2.8125e-03	4.4635e+01	2.1560e+01	1.0000e+00	0.0000e+00
7.0313e-04	2.8125e-03	4.4546e+01	2.1528e+01	0.0000e+00	0.0000e+00
9.3750e-04	2.8125e-03	4.4376e+01	2.1557e+01	0.0000e+00	0.0000e+00
1.1719e-03	2.8125e-03	4.4395e+01	2.1548e+01	0.0000e+00	0.0000e+00
1.4063e-03	2.8125e-03	4.4430e+01	2.1549e+01	0.0000e+00	0.0000e+00
1.6406e-03	2.8125e-03	4.4407e+01	2.1552e+01	1.0000e+00	0.0000e+00
1.8750e-03	2.8125e-03	4.4427e+01	2.1506e+01	0.0000e+00	0.0000e+00
2.1094e-03	2.8125e-03	4.4389e+01	2.1591e+01	0.0000e+00	0.0000e+00
2.3438e-03	2.8125e-03	4.4383e+01	2.1559e+01	0.0000e+00	0.0000e+00
2.5781e-03	2.8125e-03	4.3925e+01	2.1607e+01	1.0000e+00	0.0000e+00
2.8125e-03	2.8125e-03	4.3855e+01	2.1536e+01	0.0000e+00	0.0000e+00
3.0469e-03	2.8125e-03	4.3120e+01	2.1838e+01	0.0000e+00	0.0000e+00
3.2813e-03	2.8125e-03	4.0484e+01	2.1608e+01	1.0000e+00	0.0000e+00
3.5156e-03	2.8125e-03	3.8756e+01	2.1600e+01	1.0000e+00	0.0000e+00
3.7500e-03	2.8125e-03	3.6945e+01	2.1575e+01	1.0000e+00	0.0000e+00
3.9844e-03	2.8125e-03	3.5082e+01	2.1564e+01	0.0000e+00	0.0000e+00
4.2188e-03	2.8125e-03	3.4009e+01	2.1640e+01	0.0000e+00	0.0000e+00
4.4531e-03	2.8125e-03	3.2793e+01	2.1512e+01	0.0000e+00	0.0000e+00
4.6875e-03	2.8125e-03	3.2009e+01	2.1553e+01	1.0000e+00	0.0000e+00
4.9219e-03	2.8125e-03	3.0973e+01	2.1532e+01	0.0000e+00	0.0000e+00
5.1563e-03	2.8125e-03	3.0236e+01	2.1527e+01	1.0000e+00	0.0000e+00
5.3906e-03	2.8125e-03	2.9378e+01	2.1484e+01	0.0000e+00	0.0000e+00
5.6250e-03	2.8125e-03	2.8766e+01	2.1507e+01	1.0000e+00	0.0000e+00
5.8594e-03	2.8125e-03	2.8114e+01	2.1495e+01	1.0000e+00	0.0000e+00
6.0938e-03	2.8125e-03	2.7458e+01	2.1446e+01	0.0000e+00	0.0000e+00
6.3281e-03	2.8125e-03	2.6832e+01	2.1472e+01	0.0000e+00	0.0000e+00
6.5625e-03	2.8125e-03	2.6341e+01	2.1501e+01	0.0000e+00	0.0000e+00
6.7969e-03	2.8125e-03	2.5943e+01	2.1518e+01	0.0000e+00	0.0000e+00
7.0313e-03	2.8125e-03	2.5478e+01	2.1436e+01	0.0000e+00	0.0000e+00
7.2656e-03	2.8125e-03	2.5292e+01	2.1330e+01	0.0000e+00	0.0000e+00
2.3438e-04	2.5781e-03	4.4677e+01	2.1569e+01	1.0000e+00	0.0000e+00
4.6875e-04	2.5781e-03	4.4418e+01	2.1577e+01	0.0000e+00	0.0000e+00
7.0313e-04	2.5781e-03	4.4506e+01	2.1613e+01	0.0000e+00	0.0000e+00
9.3750e-04	2.5781e-03	4.4430e+01	2.1573e+01	0.0000e+00	0.0000e+00
1.1719e-03	2.5781e-03	4.4424e+01	2.1572e+01	1.0000e+00	0.0000e+00
1.4063e-03	2.5781e-03	4.4387e+01	2.1625e+01	0.0000e+00	0.0000e+00
1.6406e-03	2.5781e-03	4.4447e+01	2.1591e+01	0.0000e+00	0.0000e+00
1.8750e-03	2.5781e-03	4.4391e+01	2.1542e+01	1.0000e+00	0.0000e+00
2.1094e-03	2.5781e-03	4.4388e+01	2.1537e+01	0.0000e+00	0.0000e+00
2.3438e-03	2.5781e-03	4.4368e+01	2.1433e+01	0.0000e+00	0.0000e+00
2.5781e-03	2.5781e-03	4.3919e+01	2.1578e+01	1.0000e+00	0.0000e+00
2.8125e-03	2.5781e-03	4.3234e+01	2.1575e+01	1.0000e+00	0.0000e+00
3.0469e-03	2.5781e-03	4.3383e+01	2.1856e+01	0.0000e+00	0.0000e+00
3.2813e-03	2.5781e-03	4.0532e+01	2.1578e+01	1.0000e+00	0.0000e+00
3.5156e-03	2.5781e-03	3.8644e+01	2.1554e+01	0.0000e+00	0.0000e+00
3.7500e-03	2.5781e-03	3.6684e+01	2.1516e+01	0.0000e+00	0.0000e+00
3.9844e-03	2.5781e-03	3.5175e+01	2.1577e+01	0.0000e+00	0.0000e+00
4.2188e-03	2.5781e-03	3.4084e+01	2.1535e+01	1.0000e+00	0.0000e+00
4.4531e-03	2.5781e-03	3.2986e+01	2.1539e+01	1.0000e+00	0.0000e+00
4.6875e-03	2.5781e-03	3.1701e+01	2.1568e+01	0.0000e+00	0.0000e+00
4.9219e-03	2.5781e-03	3.1093e+01	2.1526e+01	1.0000e+00	0.0000e+00
5.1563e-03	2.5781e-03	3.0208e+01	2.1494e+01	0.0000e+00	0.0000e+00
5.3906e-03	2.5781e-03	2.9546e+01	2.1494e+01	0.0000e+00	0.0000e+00
5.6250e-03	2.5781e-03	2.8794e+01	2.1513e+01	1.0000e+00	0.0000e+00
5.8594e-03	2.5781e-03	2.8142e+01	2.1505e+01	1.0000e+00	0.0000e+00
6.0938e-03	2.5781e-03	2.7470e+01	2.1481e+01	0.0000e+00	0.0000e+00
6.3281e-03	2.5781e-03	2.6910e+01	2.1490e+01	0.0000e+00	0.0000e+00
6.5625e-03	2.5781e-03	2.6458e+01	2.1485e+01	1.0000e+00	0.0000e+00
6.7969e-03	2.5781e-03	2.6073e+01	2.1472e+01	1.0000e+00	0.0000e+00
7.0313e-03	2.5781e-03	2.5853e+01	2.1468e+01	1.0000e+00	0.0000e+00
7.2656e-03	2.5781e-03	2.5641e+01	2.1413e+01	0.0000e+00	0.0000e+00
2.3438e-04	2.3438e-03	4.4570e+01	2.1557e+01	1.0000e+00	0.0000e+00
4.6875e-04	2.3438e-03	4.4469e+01	2.1551e+01	0.0000e+00	0.0000e+00
7.0313e-04	2.3438e-03	4.4493e+01	2.1596e+01	0.0000e+00	0.0000e+00
9.3750e-04	2.3438e-03	4.4431e+01	2.1574e+01	1.0000e+00	0.0000e+00
1.1719e-03	2.3438e-03	4.4405e+01	2.1616e+01	0.0000e+00	0.0000e+00
1.4063e-03	2.3438e-03	4.4371e+01	2.1640e+01	0.0000e+00	0.0000e+00
1.6406e-03	2.3438e-03	4.4389e+01	2.1557e+01	1.0000e+00	0.0000e+00
1.8750e-03	2.3438e-03	4.4348e+01	2.1486e+01	0.0000e+00	0.0000e+00
2.1094e-03	2.3438e-03	4.4406e+01	2.1525e+01	0.0000e+00	0.0000e+00
2.3438e-03	2.3438e-03	4.4403e+01	2.1532e+01	0.0000e+00	0.0000e+00
2.5781e-03	2.3438e-03	4.4324e+01	2.1419e+01	0.0000e+00	0.0000e+00
2.8125e-03	2.3438e-03	4.4099e+01	2.1810e+01	0.0000e+00	0.0000e+00
3.0469e-03	2.3438e-03	4.2126e+01	2.1542e+01	1.0000e+00	0.0000e+00
3.2813e-03	2.3438e-03	4.0917e+01	2.1413e+01	0.0000e+00	0.0000e+00
3.5156e-03	2.3438e-03	3.8877e+01	2.1527e+01	1.0000e+00	0.0000e+00
3.7500e-03	2.3438e-03	3.6701e+01	2.1493e+01	0.0000e+00	0.0000e+00
3.9844e-03	2.3438e-03	3.5164e+01	2.1505e+01	0.0000e+00	0.0000e+00
4.2188e-03	2.3438e-03	3.3931e+01	2.1533e+01	0.0000e+00	0.0000e+00
4.4531e-03	2.3438e-03	3.2982e+01	2.1528e+01	1.0000e+00	0.0000e+00
4.6875e-03	2.3438e-03	3.1981e+01	2.1531e+01	1.0000e+00	0.0000e+00
4.9219e-03	2.3438e-03	3.0959e+01	2.1567e+01	0.0000e+00	0.0000e+00
5.1563e-03	2.3438e-03	3.0252e+01	2.1522e+01	1.0000e+00	0.0000e+00
5.3906e-03	2.3438e-03	2.9379e+01	2.1511e+01	0.0000e+00	0.0000e+00
5.6250e-03	2.3438e-03	2.8768e+01	2.1558e+01	0.0000e+00	0.0000e+00
5.8594e-03	2.3438e-03	2.8012e+01	2.1589e+01	0.0000e+00	0.0000e+00
6.0938e-03	2.3438e-03	2.7558e+01	2.1519e+01	1.0000e+00	0.0000e+00
6.3281e-03	2.3438e-03	2.6995e+01	2.1514e+01	1.0000e+00	0.0000e+00
6.5625e-03	2.3438e-03	2.6479e+01	2.1503e+01	1.0000e+00	0.0000e+00
6.7969e-03	2.3438e-03	2.6091e+01	2.1504e+01	1.0000e+00	0.0000e+00
7.0313e-03	2.3438e-03	2.5400e+01	2.1528e+01	0.0000e+00	0.0000e+00
7.2656e-03	2.3438e-03	2.5544e+01	2.1512e+01	0.0000e+00	0.0000e+00
2.3438e-04	2.1094e-03	4.4518e+01	2.1585e+01	1.0000e+00	0.0000e+00
4.6875e-04	2.1094e-03	4.4500e+01	2.1582e+01	1.0000e+00	0.0000e+00
7.0313e-04	2.1094e-03	4.4457e+01	2.1510e+01	0.0000e+00	0.0000e+00
9.3750e-04	2.1094e-03	4.4433e+01	2.1585e+01	1.0000e+00	0.0000e+00
1.1719e-03	2.1094e-03	4.4377e+01	2.1633e+01	0.0000e+00	0.0000e+00
1.4063e-03	2.1094e-03	4.4401e+01	2.1567e+01	1.0000e+00	0.0000e+00
1.6406e-03	2.1094e-03	4.4383e+01	2.1552e+01	1.0000e+00	0.0000e+00
1.8750e-03	2.1094e-03	4.4374e+01	2.1535e+01	1.0000e+00	0.0000e+00
2.1094e-03	2.1094e-03	4.4362e+01	2.1441e+01	0.0000e+00	0.0000e+00
2.3438e-03	2.1094e-03	4.4345e+01	2.1460e+01	0.0000e+00	0.0000e+00
2.5781e-03	2.1094e-03	4.4220e+01	2.1503e+01	0.0000e+00	0.0000e+00
2.8125e-03	2.1094e-03	4.4147e+01	2.1614e+01	0.0000e+00	0.0000e+00
3.0469e-03	2.1094e-03	4.2137e+01	2.1502e+01	1.0000e+00	0.0000e+00
3.2813e-03	2.1094e-03	4.1180e+01	2.1329e+01	0.0000e+00	0.0000e+00
3.5156e-03	2.1094e-03	3.8566e+01	2.1454e+01	0.0000e+00	0.0000e+00
3.7500e-03	2.1094e-03	3.7165e+01	2.1498e+01	1.0000e+00	0.0000e+00
3.9844e-03	2.1094e-03	3.5199e+01	2.1328e+01	0.0000e+00	0.0000e+00
4.2188e-03	2.1094e-03	3.3991e+01	2.1504e+01	0.0000e+00	0.0000e+00
4.4531e-03	2.1094e-03	3.2716e+01	2.1570e+01	0.0000e+00	0.0000e+00
4.6875e-03	2.1094e-03	3.1731e+01	2.1515e+01	0.0000e+00	0.0000e+00
4.9219e-03	2.1094e-03	3.1071e+01	2.1518e+01	1.0000e+00	0.0000e+00
5.1563e-03	2.1094e-03	3.0237e+01	2.1522e+01	1.0000e+00	0.0000e+00
5.3906e-03	2.1094e-03	2.9484e+01	2.1525e+01	1.0000e+00	0.0000e+00
5.6250e-03	2.1094e-03	2.8783e+01	2.1601e+01	0.0000e+00	0.0000e+00
5.8594e-03	2.1094e-03	2.8017e+01	2.1618e+01	0.0000e+00	0.0000e+00
6.0938e-03	2.1094e-03	2.7437e+01	2.1524e+01	0.0000e+00	0.0000e+00
6.3281e-03	2.1094e-03	2.7003e+01	2.1535e+01	1.0000e+00	0.0000e+00
6.5625e-03	2.1094e-03	2.6513e+01	2.1528e+01	1.0000e+00	0.0000e+00
6.7969e-03	2.1094e-03	2.6164e+01	2.1552e+01	1.0000e+00	0.0000e+00
7.0313e-03	2.1094e-03	2.5495e+01	2.1504e+01	0.0000e+00	0.0000e+00
7.2656e-03	2.1094e-03	2.5555e+01	2.1529e+01	0.0000e+00	0.0000e+00
2.3438e-04	1.8750e-03	4.4564e+01	2.1608e+01	1.0000e+00	0.0000e+00
4.6875e-04	1.8750e-03	4.4323e+01	2.1566e+01	0.0000e+00	0.0000e+00
7.0313e-04	1.8750e-03	4.4327e+01	2.1507e+01	0.0000e+00	0.0000e+00
9.3750e-04	1.8750e-03	4.4470e+01	2.1538e+01	0.0000e+00	0.0000e+00
1.1719e-03	1.8750e-03	4.4414e+01	2.1581e+01	1.0000e+00	0.0000e+00
1.4063e-03	1.8750e-03	4.4394e+01	2.1602e+01	0.0000e+00	0.0000e+00
1.6406e-03	1.8750e-03	4.4331e+01	2.1611e+01	0.0000e+00	0.0000e+00
1.8750e-03	1.8750e-03	4.4357e+01	2.1481e+01	0.0000e+00	0.0000e+00
2.1094e-03	1.8750e-03	4.4335e+01	2.1492e+01	0.0000e+00	0.0000e+00
2.3438e-03	1.8750e-03	4.4369e+01	2.1567e+01	0.0000e+00	0.0000e+00
2.5781e-03	1.8750e-03	4.4205e+01	2.1554e+01	0.0000e+00	0.0000e+00
2.8125e-03	1.8750e-03	4.4083e+01	2.1257e+01	0.0000e+00	0.0000e+00
3.0469e-03	1.8750e-03	4.3559e+01	2.1219e+01	0.0000e+00	0.0000e+00
3.2813e-03	1.8750e-03	4.1002e+01	2.1457e+01	0.0000e+00	0.0000e+00
3.5156e-03	1.8750e-03	3.8673e+01	2.1622e+01	0.0000e+00	0.0000e+00
3.7500e-03	1.8750e-03	3.6825e+01	2.1534e+01	0.0000e+00	0.0000e+00
3.9844e-03	1.8750e-03	3.5521e+01	2.1516e+01	1.0000e+00	0.0000e+00
4.2188e-03	1.8750e-03	3.3868e+01	2.1518e+01	0.0000e+00	0.0000e+00
4.4531e-03	1.8750e-03	3.2753e+01	2.1551e+01	0.0000e+00	0.0000e+00
4.6875e-03	1.8750e-03	3.1752e+01	2.1502e+01	0.0000e+00	0.0000e+00
4.9219e-03	1.8750e-03	3.0927e+01	2.1469e+01	0.0000e+00	0.0000e+00
5.1563e-03	1.8750e-03	3.0031e+01	2.1496e+01	0.0000e+00	0.0000e+00
5.3906e-03	1.8750e-03	2.9353e+01	2.1475e+01	0.0000e+00	0.0000e+00
5.6250e-03	1.8750e-03	2.8779e+01	2.1529e+01	1.0000e+00	0.0000e+00
5.8594e-03	1.8750e-03	2.8131e+01	2.1537e+01	1.0000e+00	0.0000e+00
6.0938e-03	1.8750e-03	2.7461e+01	2.1453e+01	0.0000e+00	0.0000e+00
6.3281e-03	1.8750e-03	2.6854e+01	2.1524e+01	0.0000e+00	0.0000e+00
6.5625e-03	1.8750e-03	2.6522e+01	2.1546e+01	1.0000e+00	0.0000e+00
6.7969e-03	1.8750e-03	2.6084e+01	2.1535e+01	0.0000e+00	0.0000e+00
7.0313e-03	1.8750e-03	2.5639e+01	2.1535e+01	0.0000e+00	0.0000e+00
7.2656e-03	1.8750e-03	2.5630e+01	2.1667e+01	0.0000e+00	0.0000e+00
2.3438e-04	1.6406e-03	4.4884e+01	2.1728e+01	0.0000e+00	0.0000e+00
4.6875e-04	1.6406e-03	4.4535e+01	2.1612e+01	1.0000e+00	0.0000e+00
7.0313e-04	1.6406e-03	4.4513e+01	2.1610e+01	1.0000e+00	0.0000e+00
9.3750e-04	1.6406e-03	4.4486e+01	2.1598e+01	0.0000e+00	0.0000e+00
1.1719e-03	1.6406e-03	4.4475e+01	2.1589e+01	0.0000e+00	0.0000e+00
1.4063e-03	1.6406e-03	4.4426e+01	2.1599e+01	0.0000e+00	0.0000e+00
1.6406e-03	1.6406e-03	4.4359e+01	2.1497e+01	0.0000e+00	0.0000e+00
1.8750e-03	1.6406e-03	4.4355e+01	2.1436e+01	0.0000e+00	0.0000e+00
2.1094e-03	1.6406e-03	4.4285e+01	2.1500e+01	0.0000e+00	0.0000e+00
2.3438e-03	1.6406e-03	4.4385e+01	2.1570e+01	0.0000e+00	0.0000e+00
2.5781e-03	1.6406e-03	4.3982e+01	2.1542e+01	1.0000e+00	0.0000e+00
2.8125e-03	1.6406e-03	4.3927e+01	2.1327e+01	0.0000e+00	0.0000e+00
3.0469e-03	1.6406e-03	4.2182e+01	2.1522e+01	1.0000e+00	0.0000e+00
3.2813e-03	1.6406e-03	4.0969e+01	2.1348e+01	0.0000e+00	0.0000e+00
3.5156e-03	1.6406e-03	3.8951e+01	2.1496e+01	1.0000e+00	0.0000e+00
3.7500e-03	1.6406e-03	3.6717e+01	2.1571e+01	0.0000e+00	0.0000e+00
3.9844e-03	1.6406e-03	3.5508e+01	2.1537e+01	1.0000e+00	0.0000e+00
4.2188e-03	1.6406e-03	3.4136e+01	2.1539e+01	1.0000e+00	0.0000e+00
4.4531e-03	1.6406e-03	3.2816e+01	2.1461e+01	0.0000e+00	0.0000e+00
4.6875e-03	1.6406e-03	3.1876e+01	2.1574e+01	0.0000e+00	0.0000e+00
4.9219e-03	1.6406e-03	3.0958e+01	2.1545e+01	0.0000e+00	0.0000e+00
5.1563e-03	1.6406e-03	3.0105e+01	2.1496e+01	0.0000e+00	0.0000e+00
5.3906e-03	1.6406e-03	2.9355e+01	2.1467e+01	0.0000e+00	0.0000e+00
5.6250e-03	1.6406e-03	2.8790e+01	2.1532e+01	1.0000e+00	0.0000e+00
5.8594e-03	1.6406e-03	2.8140e+01	2.1539e+01	1.0000e+00	0.0000e+00
6.0938e-03	1.6406e-03	2.7334e+01	2.1503e+01	0.0000e+00	0.0000e+00
6.3281e-03	1.6406e-03	2.6945e+01	2.1575e+01	0.0000e+00	0.0000e+00
6.5625e-03	1.6406e-03	2.6548e+01	2.1652e+01	0.0000e+00	0.0000e+00
6.7969e-03	1.6406e-03	2.6174e+01	2.1682e+01	0.0000e+00	0.0000e+00
7.0313e-03	1.6406e-03	2.6023e+01	2.1585e+01	1.0000e+00	0.0000e+00
7.2656e-03	1.6406e-03	2.6129e+01	2.1957e+01	0.0000e+00	0.0000e+00
2.3438e-04	1.4063e-03	4.5526e+01	2.1931e+01	0.0000e+00	0.0000e+00
4.6875e-04	1.4063e-03	4.4407e+01	2.1570e+01	0.0000e+00	0.0000e+00
7.0313e-04	1.4063e-03	4.4406e+01	2.1602e+01	0.0000e+00	0.0000e+00
9.3750e-04	1.4063e-03	4.4430e+01	2.1694e+01	0.0000e+00	0.0000e+00
1.1719e-03	1.4063e-03	4.4422e+01	2.1587e+01	0.0000e+00	0.0000e+00
1.4063e-03	1.4063e-03	4.4396e+01	2.1565e+01	0.0000e+00	0.0000e+00
1.6406e-03	1.4063e-03	4.4390e+01	2.1506e+01	0.0000e+00	0.0000e+00
1.8750e-03	1.4063e-03	4.4439e+01	2.1436e+01	0.0000e+00	0.0000e+00
2.1094e-03	1.4063e-03	4.4337e+01	2.1560e+01	1.0000e+00	0.0000e+00
2.3438e-03	1.4063e-03	4.4279e+01	2.1568e+01	1.0000e+00	0.0000e+00
2.5781e-03	1.4063e-03	4.3999e+01	2.1576e+01	1.0000e+00	0.0000e+00
2.8125e-03	1.4063e-03	4.3979e+01	2.1809e+01	0.0000e+00	0.0000e+00
3.0469e-03	1.4063e-03	4.3204e+01	2.1523e+01	0.0000e+00	0.0000e+00
3.2813e-03	1.4063e-03	4.1111e+01	2.1391e+01	0.0000e+00	0.0000e+00
3.5156e-03	1.4063e-03	3.8554e+01	2.1498e+01	0.0000e+00	0.0000e+00
3.7500e-03	1.4063e-03	3.6718e+01	2.1497e+01	0.0000e+00	0.0000e+00
3.9844e-03	1.4063e-03	3.5151e+01	2.1449e+01	0.0000e+00	0.0000e+00
4.2188e-03	1.4063e-03	3.4135e+01	2.1563e+01	1.0000e+00	0.0000e+00
4.4531e-03	1.4063e-03	3.2846e+01	2.1632e+01	0.0000e+00	0.0000e+00
4.6875e-03	1.4063e-03	3.1837e+01	2.1647e+01	0.0000e+00	0.0000e+00
4.9219e-03	1.4063e-03	3.0968e+01	2.1523e+01	0.0000e+00	0.0000e+00
5.1563e-03	1.4063e-03	3.0263e+01	2.1540e+01	1.0000e+00	0.0000e+00
5.3906e-03	1.4063e-03	2.9469e+01	2.1540e+01	0.0000e+00	0.0000e+00
5.6250e-03	1.4063e-03	2.8690e+01	2.1555e+01	0.0000e+00	0.0000e+00
5.8594e-03	1.4063e-03	2.8122e+01	2.1530e+01	0.0000e+00	0.0000e+00
6.0938e-03	1.4063e-03	2.7539e+01	2.1552e+01	1.0000e+00	0.0000e+00
6.3281e-03	1.4063e-03	2.7020e+01	2.1596e+01	0.0000e+00	0.0000e+00
6.5625e-03	1.4063e-03	2.6543e+01	2.1584e+01	0.0000e+00	0.0000e+00
6.7969e-03	1.4063e-03	2.6120e+01	2.1572e+01	0.0000e+00	0.0000e+00
7.0313e-03	1.4063e-03	2.5584e+01	2.1484e+01	0.0000e+00	0.0000e+00
7.2656e-03	1.4063e-03	2.5894e+01	2.1595e+01	1.0000e+00	0.0000e+00
2.3438e-04	1.1719e-03	4.4602e+01	2.1611e+01	1.0000e+00	0.0000e+00
4.6875e-04	1.1719e-03	4.4560e+01	2.1613e+01	1.0000e+00	0.0000e+00
7.0313e-04	1.1719e-03	4.4358e+01	2.1600e+01	0.0000e+00	0.0000e+00
9.3750e-04	1.1719e-03	4.4403e+01	2.1581e+01	0.0000e+00	0.0000e+00
1.1719e-03	1.1719e-03	4.4440e+01	2.1615e+01	0.0000e+00	0.0000e+00
1.4063e-03	1.1719e-03	4.4426e+01	2.1574e+01	1.0000e+00	0.0000e+00
1.6406e-03	1.1719e-03	4.4344e+01	2.1549e+01	0.0000e+00	0.0000e+00
1.8750e-03	1.1719e-03	4.4395e+01	2.1557e+01	1.0000e+00	0.0000e+00
2.1094e-03	1.1719e-03	4.4359e+01	2.1567e+01	1.0000e+00	0.0000e+00
2.3438e-03	1.1719e-03	4.4285e+01	2.1646e+01	0.0000e+00	0.0000e+00
2.5781e-03	1.1719e-03	4.4577e+01	2.1785e+01	0.0000e+00	0.0000e+00
2.8125e-03	1.1719e-03	4.4099e+01	2.1775e+01	0.0000e+00	0.0000e+00
3.0469e-03	1.1719e-03	4.3476e+01	2.1719e+01	0.0000e+00	0.0000e+00
3.2813e-03	1.1719e-03	4.0745e+01	2.1593e+01	1.0000e+00	0.0000e+00
3.5156e-03	1.1719e-03	3.8554e+01	2.1676e+01	0.0000e+00	0.0000e+00
3.7500e-03	1.1719e-03	3.6719e+01	2.1639e+01	0.0000e+00	0.0000e+00
3.9844e-03	1.1719e-03	3.5174e+01	2.1521e+01	0.0000e+00	0.0000e+00
4.2188e-03	1.1719e-03	3.4155e+01	2.1579e+01	1.0000e+00	0.0000e+00
4.4531e-03	1.1719e-03	3.2834e+01	2.1681e+01	0.0000e+00	0.0000e+00
4.6875e-03	1.1719e-03	3.1809e+01	2.1552e+01	0.0000e+00	0.0000e+00
4.9219e-03	1.1719e-03	3.0895e+01	2.1532e+01	0.0000e+00	0.0000e+00
5.1563e-03	1.1719e-03	3.0217e+01	2.1572e+01	0.0000e+00	0.0000e+00
5.3906e-03	1.1719e-03	2.9541e+01	2.1550e+01	1.0000e+00	0.0000e+00
5.6250e-03	1.1719e-03	2.8796e+01	2.1546e+01	1.0000e+00	0.0000e+00
5.8594e-03	1.1719e-03	2.8135e+01	2.1549e+01	1.0000e+00	0.0000e+00
6.0938e-03	1.1719e-03	2.7539e+01	2.1563e+01	1.0000e+00	0.0000e+00
6.3281e-03	1.1719e-03	2.6978e+01	2.1551e+01	0.0000e+00	0.0000e+00
6.5625e-03	1.1719e-03	2.6534e+01	2.1574e+01	1.0000e+00	0.0000e+00
6.7969e-03	1.1719e-03	2.6218e+01	2.1600e+01	1.0000e+00	0.0000e+00
7.0313e-03	1.1719e-03	2.5412e+01	2.1337e+01	0.0000e+00	0.0000e+00
7.2656e-03	1.1719e-03	2.5877e+01	2.1611e+01	1.0000e+00	0.0000e+00
2.3438e-04	9.3750e-04	4.4603e+01	2.1643e+01	1.0000e+00	0.0000e+00
4.6875e-04	9.3750e-04	4.4561e+01	2.1642e+01	1.0000e+00	0.0000e+00
7.0313e-04	9.3750e-04	4.4423e+01	2.1608e+01	0.0000e+00	0.0000e+00
9.3750e-04	9.3750e-04	4.4441e+01	2.1627e+01	1.0000e+00	0.0000e+00
1.1719e-03	9.3750e-04	4.4434e+01	2.1614e+01	1.0000e+00	0.0000e+00
1.4063e-03	9.3750e-04	4.4435e+01	2.1590e+01	1.0000e+00	0.0000e+00
1.6406e-03	9.3750e-04	4.4428e+01	2.1575e+01	1.0000e+00	0.0000e+00
1.8750e-03	9.3750e-04	4.4444e+01	2.1562e+01	0.0000e+00	0.0000e+00
2.1094e-03	9.3750e-04	4.4377e+01	2.1588e+01	1.0000e+00	0.0000e+00
2.3438e-03	9.3750e-04	4.4374e+01	2.1640e+01	0.0000e+00	0.0000e+00
2.5781e-03	9.3750e-04	4.4070e+01	2.1660e+01	1.0000e+00	0.0000e+00
2.8125e-03	9.3750e-04	4.4314e+01	2.1756e+01	0.0000e+00	0.0000e+00
3.0469e-03	9.3750e-04	4.2284e+01	2.1661e+01	1.0000e+00	0.0000e+00
3.2813e-03	9.3750e-04	4.1166e+01	2.1672e+01	0.0000e+00	0.0000e+00
3.5156e-03	9.3750e-04	3.9016e+01	2.1597e+01	1.0000e+00	0.0000e+00
3.7500e-03	9.3750e-04	3.6660e+01	2.1572e+01	0.0000e+00	0.0000e+00
3.9844e-03	9.3750e-04	3.5164e+01	2.1553e+01	0.0000e+00	0.0000e+00
4.2188e-03	9.3750e-04	3.4238e+01	2.1601e+01	1.0000e+00	0.0000e+00
4.4531e-03	9.3750e-04	3.2867e+01	2.1679e+01	0.0000e+00	0.0000e+00
4.6875e-03	9.3750e-04	3.1939e+01	2.1612e+01	0.0000e+00	0.0000e+00
4.9219e-03	9.3750e-04	3.1176e+01	2.1607e+01	1.0000e+00	0.0000e+00
5.1563e-03	9.3750e-04	3.0311e+01	2.1585e+01	1.0000e+00	0.0000e+00
5.3906e-03	9.3750e-04	2.9474e+01	2.1559e+01	0.0000e+00	0.0000e+00
5.6250e-03	9.3750e-04	2.8785e+01	2.1559e+01	0.0000e+00	0.0000e+00
5.8594e-03	9.3750e-04	2.8105e+01	2.1565e+01	1.0000e+00	0.0000e+00
6.0938e-03	9.3750e-04	2.7472e+01	2.1535e+01	0.0000e+00	0.0000e+00
6.3281e-03	9.3750e-04	2.7013e+01	2.1576e+01	1.0000e+00	0.0000e+00
6.5625e-03	9.3750e-04	2.6411e+01	2.1602e+01	0.0000e+00	0.0000e+00
6.7969e-03	9.3750e-04	2.6042e+01	2.1607e+01	0.0000e+00	0.0000e+00
7.0313e-03	9.3750e-04	2.5963e+01	2.1582e+01	1.0000e+00	0.0000e+00
7.2656e-03	9.3750e-04	2.5791e+01	2.1581e+01	1.0000e+00	0.0000e+00
2.3438e-04	7.0313e-04	4.4747e+01	2.1181e+01	0.0000e+00	0.0000e+00
4.6875e-04	7.0313e-04	4.4448e+01	2.1627e+01	0.0000e+00	0.0000e+00
7.0313e-04	7.0313e-04	4.4420e+01	2.1604e+01	0.0000e+00	0.0000e+00
9.3750e-04	7.0313e-04	4.4436e+01	2.1594e+01	0.0000e+00	0.0000e+00
1.1719e-03	7.0313e-04	4.4455e+01	2.1679e+01	1.0000e+00	0.0000e+00
1.4063e-03	7.0313e-04	4.4451e+01	2.1664e+01	1.0000e+00	0.0000e+00
1.6406e-03	7.0313e-04	4.4489e+01	2.1587e+01	0.0000e+00	0.0000e+00
1.8750e-03	7.0313e-04	4.4483e+01	2.1500e+01	0.0000e+00	0.0000e+00
2.1094e-03	7.0313e-04	4.4430e+01	2.1513e+01	0.0000e+00	0.0000e+00
2.3438e-03	7.0313e-04	4.4397e+01	2.1615e+01	0.0000e+00	0.0000e+00
2.5781e-03	7.0313e-04	4.4349e+01	2.1658e+01	0.0000e+00	0.0000e+00
2.8125e-03	7.0313e-04	4.4390e+01	2.1686e+01	0.0000e+00	0.0000e+00
3.0469e-03	7.0313e-04	4.3626e+01	2.1744e+01	0.0000e+00	0.0000e+00
3.2813e-03	7.0313e-04	4.1324e+01	2.1642e+01	0.0000e+00	0.0000e+00
3.5156e-03	7.0313e-04	3.9002e+01	2.1690e+01	1.0000e+00	0.0000e+00
3.7500e-03	7.0313e-04	3.6803e+01	2.1446e+01	0.0000e+00	0.0000e+00
3.9844e-03	7.0313e-04	3.5583e+01	2.1680e+01	1.0000e+00	0.0000e+00
4.2188e-03	7.0313e-04	3.4013e+01	2.1579e+01	0.0000e+00	0.0000e+00
4.4531e-03	7.0313e-04	3.2852e+01	2.1681e+01	0.0000e+00	0.0000e+00
4.6875e-03	7.0313e-04	3.1891e+01	2.1633e+01	0.0000e+00	0.0000e+00
4.9219e-03	7.0313e-04	3.1220e+01	2.1631e+01	1.0000e+00	0.0000e+00
5.1563e-03	7.0313e-04	3.0312e+01	2.1612e+01	1.0000e+00	0.0000e+00
5.3906e-03	7.0313e-04	2.9460e+01	2.1534e+01	0.0000e+00	0.0000e+00
5.6250e-03	7.0313e-04	2.8760e+01	2.1582e+01	0.0000e+00	0.0000e+00
5.8594e-03	7.0313e-04	2.8068e+01	2.1599e+01	1.0000e+00	0.0000e+00
6.0938e-03	7.0313e-04	2.7498e+01	2.1558e+01	0.0000e+00	0.0000e+00
6.3281e-03	7.0313e-04	2.6942e+01	2.1551e+01	0.0000e+00	0.0000e+00
6.5625e-03	7.0313e-04	2.6487e+01	2.1567e+01	0.0000e+00	0.0000e+00
6.7969e-03	7.0313e-04	2.6008e+01	2.1629e+01	0.0000e+00	0.0000e+00
7.0313e-03	7.0313e-04	2.5600e+01	2.1726e+01	0.0000e+00	0.0000e+00
7.2656e-03	7.0313e-04	2.5649e+01	2.1618e+01	1.0000e+00	0.0000e+00
2.3438e-04	4.6875e-04	4.5059e+01	2.1967e+01	0.0000e+00	0.0000e+00
4.6875e-04	4.6875e-04	4.4313e+01	2.1641e+01	0.0000e+00	0.0000e+00
7.0313e-04	4.6875e-04	4.4554e+01	2.1778e+01	1.0000e+00	0.0000e+00
9.3750e-04	4.6875e-04	4.4480e+01	2.1722e+01	0.0000e+00	0.0000e+00
1.1719e-03	4.6875e-04	4.4482e+01	2.1682e+01	0.0000e+00	0.0000e+00
1.4063e-03	4.6875e-04	4.4443e+01	2.1572e+01	0.0000e+00	0.0000e+00
1.6406e-03	4.6875e-04	4.4458e+01	2.1549e+01	0.0000e+00	0.0000e+00
1.8750e-03	4.6875e-04	4.4449e+01	2.1602e+01	0.0000e+00	0.0000e+00
2.1094e-03	4.6875e-04	4.4402e+01	2.1617e+01	0.0000e+00	0.0000e+00
2.3438e-03	4.6875e-04	4.4340e+01	2.1660e+01	0.0000e+00	0.0000e+00
2.5781e-03	4.6875e-04	4.4279e+01	2.1649e+01	0.0000e+00	0.0000e+00
2.8125e-03	4.6875e-04	4.3422e+01	2.1699e+01	1.0000e+00	0.0000e+00
3.0469e-03	4.6875e-04	4.3454e+01	2.1815e+01	0.0000e+00	0.0000e+00
3.2813e-03	4.6875e-04	4.0793e+01	2.1716e+01	1.0000e+00	0.0000e+00
3.5156e-03	4.6875e-04	3.8710e+01	2.1503e+01	0.0000e+00	0.0000e+00
3.7500e-03	4.6875e-04	3.7054e+01	2.1523e+01	0.0000e+00	0.0000e+00
3.9844e-03	4.6875e-04	3.5095e+01	2.1586e+01	0.0000e+00	0.0000e+00
4.2188e-03	4.6875e-04	3.4004e+01	2.1667e+01	0.0000e+00	0.0000e+00
4.4531e-03	4.6875e-04	3.3280e+01	2.1707e+01	1.0000e+00	0.0000e+00
4.6875e-03	4.6875e-04	3.2241e+01	2.1678e+01	1.0000e+00	0.0000e+00
4.9219e-03	4.6875e-04	3.1255e+01	2.1645e+01	1.0000e+00	0.0000e+00
5.1563e-03	4.6875e-04	3.0321e+01	2.1628e+01	1.0000e+00	0.0000e+00
5.3906e-03	4.6875e-04	2.9417e+01	2.1626e+01	1.0000e+00	0.0000e+00
5.6250e-03	4.6875e-04	2.8641e+01	2.1623e+01	1.0000e+00	0.0000e+00
5.8594e-03	4.6875e-04	2.8075e+01	2.1561e+01	0.0000e+00	0.0000e+00
6.0938e-03	4.6875e-04	2.7514e+01	2.1608e+01	1.0000e+00	0.0000e+00
6.3281e-03	4.6875e-04	2.6931e+01	2.1548e+01	0.0000e+00	0.0000e+00
6.5625e-03	4.6875e-04	2.6476e+01	2.1596e+01	1.0000e+00	0.0000e+00
6.7969e-03	4.6875e-04	2.6040e+01	2.1611e+01	1.0000e+00	0.0000e+00
7.0313e-03	4.6875e-04	2.5450e+01	2.1603e+01	0.0000e+00	0.0000e+00
7.2656e-03	4.6875e-04	2.5469e+01	2.1543e+01	0.0000e+00	0.0000e+00
2.3438e-04	2.3438e-04	4.5282e+01	2.2004e+01	0.0000e+00	0.0000e+00
4.6875e-04	2.3438e-04	4.4204e+01	2.2536e+01	0.0000e+00	0.0000e+00
7.0313e-04	2.3438e-04	4.4577e+01	2.1830e+01	1.0000e+00	0.0000e+00
9.3750e-04	2.3438e-04	4.4574e+01	2.2728e+01	0.0000e+00	0.0000e+00
1.1719e-03	2.3438e-04	4.4598e+01	2.1815e+01	0.0000e+00	0.0000e+00
1.4063e-03	2.3438e-04	4.4406e+01	2.1539e+01	0.0000e+00	0.0000e+00
1.6406e-03	2.3438e-04	4.4406e+01	2.1668e+01	0.0000e+00	0.0000e+00
1.8750e-03	2.3438e-04	4.4490e+01	2.1885e+01	0.0000e+00	0.0000e+00
2.1094e-03	2.3438e-04	4.4717e+01	2.1410e+01	0.0000e+00	0.0000e+00
2.3438e-03	2.3438e-04	4.4683e+01	2.1174e+01	0.0000e+00	0.0000e+00
2.5781e-03	2.3438e-04	4.4461e+01	2.1529e+01	0.0000e+00	0.0000e+00
2.8125e-03	2.3438e-04	4.4090e+01	2.2061e+01	0.0000e+00	0.0000e+00
3.0469e-03	2.3438e-04	4.3079e+01	2.2131e+01	0.0000e+00	0.0000e+00
3.2813e-03	2.3438e-04	4.0881e+01	2.1774e+01	0.0000e+00	0.0000e+00
3.5156e-03	2.3438e-04	3.8611e+01	2.1903e+01	0.0000e+00	0.0000e+00
3.7500e-03	2.3438e-04	3.7159e+01	2.1725e+01	1.0000e+00	0.0000e+00
3.9844e-03	2.3438e-04	3.5007e+01	2.2151e+01	0.0000e+00	0.0000e+00
4.2188e-03	2.3438e-04	3.3615e+01	2.2258e+01	0.0000e+00	0.0000e+00
4.4531e-03	2.3438e-04	3.3331e+01	2.1740e+01	1.0000e+00	0.0000e+00
4.6875e-03	2.3438e-04	3.2269e+01	2.1701e+01	1.0000e+00	0.0000e+00
4.9219e-03	2.3438e-04	3.1275e+01	2.1659e+01	1.0000e+00	0.0000e+00
5.1563e-03	2.3438e-04	3.0301e+01	2.1644e+01	1.0000e+00	0.0000e+00
5.3906e-03	2.3438e-04	2.9350e+01	2.1646e+01	1.0000e+00	0.0000e+00
5.6250e-03	2.3438e-04	2.8567e+01	2.1783e+01	0.0000e+00	0.0000e+00
5.8594e-03	2.3438e-04	2.7877e+01	2.1977e+01	0.0000e+00	0.0000e+00
6.0938e-03	2.3438e-04	2.7560e+01	2.1671e+01	0.0000e+00	0.0000e+00
6.3281e-03	2.3438e-04	2.7143e+01	2.1494e+01	0.0000e+00	0.0000e+00
6.5625e-03	2.3438e-04	2.6451e+01	2.1602e+01	1.0000e+00	0.0000e+00
6.7969e-03	2.3438e-04	2.5940e+01	2.1477e+01	0.0000e+00	0.0000e+00
7.0313e-03	2.3438e-04	2.4791e+01	2.1775e+01	0.0000e+00	0.0000e+00
7.2656e-03	2.3438e-04	2.4713e+01	2.1958e+01	0.0000e+00	0.0000e+00
