# x	y	u	v	flags	mask
2.3438e-04	7.2656e-03	4.1141e+01	2.1688e+01	0.0000e+00	0.0000e+00
4.6875e-04	7.2656e-03	3.5242e+01	2.1751e+01	0.0000e+00	0.0000e+00
7.0313e-04	7.2656e-03	3.4364e+01	2.1799e+01	0.0000e+00	0.0000e+00
9.3750e-04	7.2656e-03	3.9586e+01	2.3414e+01	0.0000e+00	0.0000e+00
1.1719e-03	7.2656e-03	3.3152e+01	2.2312e+01	1.0000e+00	0.0000e+00
1.4063e-03	7.2656e-03	3.2972e+01	2.2268e+01	1.0000e+00	0.0000e+00
1.6406e-03	7.2656e-03	3.3272e+01	2.2177e+01	0.0000e+00	0.0000e+00
1.8750e-03	7.2656e-03	3.2427e+01	2.2174e+01	1.0000e+00	0.0000e+00
2.1094e-03	7.2656e-03	3.2280e+01	2.1750e+01	0.0000e+00	0.0000e+00
2.3438e-03	7.2656e-03	3.1705e+01	2.2378e+01	1.0000e+00	0.0000e+00
2.5781e-03	7.2656e-03	3.2047e+01	2.2985e+01	0.0000e+00	0.0000e+00
2.8125e-03	7.2656e-03	3.4227e+01	2.4307e+01	0.0000e+00	0.0000e+00
3.0469e-03	7.2656e-03	2.6247e+01	2.3792e+01	0.0000e+00	0.0000e+00
3.2813e-03	7.2656e-03	1.7824e+01	2.1945e+01	0.0000e+00	0.0000e+00
3.5156e-03	7.2656e-03	1.6950e+01	2.2106e+01	1.0000e+00	0.0000e+00
3.7500e-03	7.2656e-03	1.3674e+01	2.1229e+01	0.0000e+00	0.0000e+00
3.9844e-03	7.2656e-03	1.4602e+01	2.1976e+01	0.0000e+00	0.0000e+00
4.2188e-03	7.2656e-03	1.3809e+01	2.1763e+01	1.0000e+00	0.0000e+00
4.4531e-03	7.2656e-03	1.3910e+01	2.1937e+01	0.0000e+00	0.0000e+00
4.6875e-03	7.2656e-03	1.3663e+01	2.1900e+01	0.0000e+00	0.0000e+00
4.9219e-03	7.2656e-03	1.3685e+01	2.2160e+01	0.0000e+00	0.0000e+00
5.1563e-03	7.2656e-03	1.3546e+01	2.1845e+01	1.0000e+00	0.0000e+00
5.3906e-03	7.2656e-03	1.3456e+01	2.1850e+01	1.0000e+00	0.0000e+00
5.6250e-03	7.2656e-03	1.3694e+01	2.2252e+01	0.0000e+00	0.0000e+00
5.8594e-03	7.2656e-03	1.3323e+01	2.1990e+01	0.0000e+00	0.0000e+00
6.0938e-03	7.2656e-03	1.3131e+01	2.1828e+01	1.0000e+00	0.0000e+00
6.3281e-03	7.2656e-03	1.3187e+01	2.1826e+01	0.0000e+00	0.0000e+00
6.5625e-03	7.2656e-03	1.2685e+01	2.1850e+01	0.0000e+00	0.0000e+00
6.7969e-03	7.2656e-03	1.2623e+01	2.1921e+01	0.0000e+00	0.0000e+00
7.0313e-03	7.2656e-03	1.2979e+01	2.1791e+01	1.0000e+00	0.0000e+00
7.2656e-03	7.2656e-03	1.3024e+01	2.1793e+01	1.0000e+00	0.0000e+00
2.3438e-04	7.0313e-03	3.5711e+01	2.2072e+01	1.0000e+00	0.0000e+00
4.6875e-04	7.0313e-03	3.5452e+01	2.2129e+01	1.0000e+00	0.0000e+00
7.0313e-04	7.0313e-03	3.3326e+01	2.2016e+01	0.0000e+00	0.0000e+00
9.3750e-04	7.0313e-03	3.3292e+01	2.2242e+01	1.0000e+00	0.0000e+00
1.1719e-03	7.0313e-03	3.2050e+01	2.2530e+01	0.0000e+00	0.0000e+00
1.4063e-03	7.0313e-03	3.0643e+01	2.2475e+01	0.0000e+00	0.0000e+00
1.6406e-03	7.0313e-03	3.3151e+01	2.2160e+01	0.0000e+00	0.0000e+00
1.8750e-03	7.0313e-03	3.2193e+01	2.1959e+01	0.0000e+00	0.0000e+00
2.1094e-03	7.0313e-03	3.2446e+01	2.1902e+01	0.0000e+00	0.0000e+00
2.3438e-03	7.0313e-03	3.1733e+01	2.2217e+01	1.0000e+00	0.0000e+00
2.5781e-03	7.0313e-03	3.0136e+01	2.2367e+01	1.0000e+00	0.0000e+00
2.8125e-03	7.0313e-03	2.7205e+01	2.2399e+01	1.0000e+00	0.0000e+00
3.0469e-03	7.0313e-03	2.3651e+01	2.2364e+01	1.0000e+00	0.0000e+00
3.2813e-03	7.0313e-03	1.5432e+01	2.1520e+01	0.0000e+00	0.0000e+00
3.5156e-03	7.0313e-03	1.4372e+01	2.2377e+01	0.0000e+00	0.0000e+00
3.7500e-03	7.0313e-03	1.3449e+01	2.2239e+01	0.0000e+00	0.0000e+00
3.9844e-03	7.0313e-03	1.3895e+01	2.1714e+01	0.0000e+00	0.0000e+00
4.2188e-03	7.0313e-03	1.3879e+01	2.1632e+01	0.0000e+00	0.0000e+00
4.4531e-03	7.0313e-03	1.3649e+01	2.1692e+01	0.0000e+00	0.0000e+00
4.6875e-03	7.0313e-03	1.3454e+01	2.1707e+01	0.0000e+00	0.0000e+00
4.9219e-03	7.0313e-03	1.3608e+01	2.1811e+01	1.0000e+00	0.0000e+00
5.1563e-03	7.0313e-03	1.3518e+01	2.1820e+01	0.0000e+00	0.0000e+00
5.3906e-03	7.0313e-03	1.3397e+01	2.1675e+01	0.0000e+00	0.0000e+00
5.6250e-03	7.0313e-03	1.3383e+01	2.1805e+01	1.0000e+00	0.0000e+00
5.8594e-03	7.0313e-03	1.3105e+01	2.1787e+01	0.0000e+00	0.0000e+00
6.0938e-03	7.0313e-03	1.3137e+01	2.1788e+01	1.0000e+00	0.0000e+00
6.3281e-03	7.0313e-03	1.2996e+01	2.1768e+01	1.0000e+00	0.0000e+00
6.5625e-03	7.0313e-03	1.2947e+01	2.1769e+01	1.0000e+00	0.0000e+00
6.7969e-03	7.0313e-03	1.2730e+01	2.1603e+01	0.0000e+00	0.0000e+00
7.0313e-03	7.0313e-03	1.3053e+01	2.1761e+01	0.0000e+00	0.0000e+00
7.2656e-03	7.0313e-03	1.3892e+01	2.1969e+01	0.0000e+00	0.0000e+00
2.3438e-04	6.7969e-03	3.9348e+01	2.1455e+01	0.0000e+00	0.0000e+00
4.6875e-04	6.7969e-03	3.4234e+01	2.2472e+01	0.0000e+00	0.0000e+00
7.0313e-04	6.7969e-03	3.1610e+01	2.2891e+01	0.0000e+00	0.0000e+00
9.3750e-04	6.7969e-03	3.3671e+01	2.1367e+01	0.0000e+00	0.0000e+00
1.1719e-03	6.7969e-03	3.2664e+01	2.2288e+01	1.0000e+00	0.0000e+00
1.4063e-03	6.7969e-03	3.1148e+01	2.2203e+01	0.0000e+00	0.0000e+00
1.6406e-03	6.7969e-03	3.2459e+01	2.2486e+01	0.0000e+00	0.0000e+00
1.8750e-03	6.7969e-03	3.1968e+01	2.1935e+01	0.0000e+00	0.0000e+00
2.1094e-03	6.7969e-03	3.2281e+01	2.2082e+01	1.0000e+00	0.0000e+00
2.3438e-03	6.7969e-03	3.4819e+01	2.2467e+01	0.0000e+00	0.0000e+00
2.5781e-03	6.7969e-03	3.0897e+01	2.2347e+01	0.0000e+00	0.0000e+00
2.8125e-03	6.7969e-03	2.8351e+01	2.2351e+01	0.0000e+00	0.0000e+00
3.0469e-03	6.7969e-03	2.3122e+01	2.2334e+01	0.0000e+00	0.0000e+00
3.2813e-03	6.7969e-03	1.5911e+01	2.2598e+01	0.0000e+00	0.0000e+00
3.5156e-03	6.7969e-03	1.6961e+01	2.1955e+01	1.0000e+00	0.0000e+00
3.7500e-03	6.7969e-03	1.4902e+01	2.1841e+01	1.0000e+00	0.0000e+00
3.9844e-03	6.7969e-03	1.3545e+01	2.1518e+01	0.0000e+00	0.0000e+00
4.2188e-03	6.7969e-03	1.3713e+01	2.1729e+01	0.0000e+00	0.0000e+00
4.4531e-03	6.7969e-03	1.3713e+01	2.1785e+01	1.0000e+00	0.0000e+00
4.6875e-03	6.7969e-03	1.3707e+01	2.1795e+01	0.0000e+00	0.0000e+00
4.9219e-03	6.7969e-03	1.3522e+01	2.1746e+01	0.0000e+00	0.0000e+00
5.1563e-03	6.7969e-03	1.3604e+01	2.1783e+01	0.0000e+00	0.0000e+00
5.3906e-03	6.7969e-03	1.3486e+01	2.1712e+01	0.0000e+00	0.0000e+00
5.6250e-03	6.7969e-03	1.3409e+01	2.1779e+01	1.0000e+00	0.0000e+00
5.8594e-03	6.7969e-03	1.3054e+01	2.1695e+01	0.0000e+00	0.0000e+00
6.0938e-03	6.7969e-03	1.3162e+01	2.1751e+01	1.0000e+00	0.0000e+00
6.3281e-03	6.7969e-03	1.2930e+01	2.1704e+01	0.0000e+00	0.0000e+00
6.5625e-03	6.7969e-03	1.2980e+01	2.1751e+01	1.0000e+00	0.0000e+00
6.7969e-03	6.7969e-03	1.2804e+01	2.1764e+01	0.0000e+00	0.0000e+00
7.0313e-03	6.7969e-03	1.2865e+01	2.1826e+01	0.0000e+00	0.0000e+00
7.2656e-03	6.7969e-03	1.3230e+01	2.1700e+01	0.0000e+00	0.0000e+00
2.3438e-04	6.5625e-03	3.9471e+01	2.1951e+01	0.0000e+00	0.0000e+00
4.6875e-04	6.5625e-03	3.3882e+01	2.2590e+01	0.0000e+00	0.0000e+00
7.0313e-04	6.5625e-03	3.4047e+01	2.2046e+01	1.0000e+00	0.0000e+00
9.3750e-04	6.5625e-03	3.2737e+01	2.2130e+01	1.0000e+00	0.0000e+00
1.1719e-03	6.5625e-03	2.9796e+01	2.1708e+01	0.0000e+00	0.0000e+00
1.4063e-03	6.5625e-03	3.1968e+01	2.2100e+01	0.0000e+00	0.0000e+00
1.6406e-03	6.5625e-03	3.1955e+01	2.2075e+01	1.0000e+00	0.0000e+00
1.8750e-03	6.5625e-03	3.1044e+01	2.1352e+01	0.0000e+00	0.0000e+00
2.1094e-03	6.5625e-03	3.1241e+01	2.1536e+01	0.0000e+00	0.0000e+00
2.3438e-03	6.5625e-03	3.3187e+01	2.2206e+01	0.0000e+00	0.0000e+00
2.5781e-03	6.5625e-03	3.3300e+01	2.1977e+01	0.0000e+00	0.0000e+00
2.8125e-03	6.5625e-03	3.0309e+01	2.1601e+01	0.0000e+00	0.0000e+00
3.0469e-03	6.5625e-03	2.2242e+01	2.1843e+01	0.0000e+00	0.0000e+00
3.2813e-03	6.5625e-03	2.0252e+01	2.1853e+01	1.0000e+00	0.0000e+00
3.5156e-03	6.5625e-03	1.3163e+01	2.2157e+01	0.0000e+00	0.0000e+00
3.7500e-03	6.5625e-03	1.4981e+01	2.1828e+01	1.0000e+00	0.0000e+00
3.9844e-03	6.5625e-03	1.4135e+01	2.1824e+01	1.0000e+00	0.0000e+00
4.2188e-03	6.5625e-03	1.3788e+01	2.1779e+01	1.0000e+00	0.0000e+00
4.4531e-03	6.5625e-03	1.3670e+01	2.1753e+01	1.0000e+00	0.0000e+00
4.6875e-03	6.5625e-03	1.3636e+01	2.1817e+01	0.0000e+00	0.0000e+00
4.9219e-03	6.5625e-03	1.3476e+01	2.1751e+01	0.0000e+00	0.0000e+00
5.1563e-03	6.5625e-03	1.3587e+01	2.1764e+01	1.0000e+00	0.0000e+00
5.3906e-03	6.5625e-03	1.3861e+01	2.1898e+01	0.0000e+00	0.0000e+00
5.6250e-03	6.5625e-03	1.3450e+01	2.1720e+01	1.0000e+00	0.0000e+00
5.8594e-03	6.5625e-03	1.3347e+01	2.1700e+01	1.0000e+00	0.0000e+00
6.0938e-03	6.5625e-03	1.2968e+01	2.1588e+01	0.0000e+00	0.0000e+00
6.3281e-03	6.5625e-03	1.2937e+01	2.1679e+01	0.0000e+00	0.0000e+00
6.5625e-03	6.5625e-03	1.3043e+01	2.1711e+01	1.0000e+00	0.0000e+00
6.7969e-03	6.5625e-03	1.3009e+01	2.1863e+01	0.0000e+00	0.0000e+00
7.0313e-03	6.5625e-03	1.2962e+01	2.1788e+01	0.0000e+00	0.0000e+00
7.2656e-03	6.5625e-03	1.3219e+01	2.1804e+01	1.0000e+00	0.0000e+00
2.3438e-04	6.3281e-03	3.8761e+01	2.2331e+01	0.0000e+00	0.0000e+00
4.6875e-04	6.3281e-03	3.3209e+01	2.1868e+01	0.0000e+00	0.0000e+00
7.0313e-04	6.3281e-03	3.1752e+01	2.1727e+01	0.0000e+00	0.0000e+00
9.3750e-04	6.3281e-03	3.0977e+01	2.2393e+01	0.0000e+00	0.0000e+00
1.1719e-03	6.3281e-03	3.0987e+01	2.2191e+01	0.0000e+00	0.0000e+00
1.4063e-03	6.3281e-03	3.3346e+01	2.2878e+01	0.0000e+00	0.0000e+00
1.6406e-03	6.3281e-03	3.2437e+01	2.3180e+01	0.0000e+00	0.0000e+00
1.8750e-03	6.3281e-03	3.1617e+01	2.1465e+01	0.0000e+00	0.0000e+00
2.1094e-03	6.3281e-03	3.1454e+01	2.1369e+01	0.0000e+00	0.0000e+00
2.3438e-03	6.3281e-03	3.2823e+01	2.1842e+01	0.0000e+00	0.0000e+00
2.5781e-03	6.3281e-03	3.3302e+01	2.1639e+01	0.0000e+00	0.0000e+00
2.8125e-03	6.3281e-03	3.1339e+01	2.1337e+01	0.0000e+00	0.0000e+00
3.0469e-03	6.3281e-03	2.4512e+01	2.1074e+01	0.0000e+00	0.0000e+00
3.2813e-03	6.3281e-03	1.5832e+01	2.1337e+01	0.0000e+00	0.0000e+00
3.5156e-03	6.3281e-03	1.7194e+01	2.1830e+01	1.0000e+00	0.0000e+00
3.7500e-03	6.3281e-03	1.4040e+01	2.1761e+01	0.0000e+00	0.0000e+00
3.9844e-03	6.3281e-03	1.4311e+01	2.1790e+01	1.0000e+00	0.0000e+00
4.2188e-03	6.3281e-03	1.3839e+01	2.1769e+01	1.0000e+00	0.0000e+00
4.4531e-03	6.3281e-03	1.3761e+01	2.1814e+01	0.0000e+00	0.0000e+00
4.6875e-03	6.3281e-03	1.3543e+01	2.1786e+01	0.0000e+00	0.0000e+00
4.9219e-03	6.3281e-03	1.3466e+01	2.1741e+01	0.0000e+00	0.0000e+00
5.1563e-03	6.3281e-03	1.3508e+01	2.1665e+01	0.0000e+00	0.0000e+00
5.3906e-03	6.3281e-03	1.3908e+01	2.1896e+01	0.0000e+00	0.0000e+00
5.6250e-03	6.3281e-03	1.3539e+01	2.1705e+01	1.0000e+00	0.0000e+00
5.8594e-03	6.3281e-03	1.3370e+01	2.1632e+01	0.0000e+00	0.0000e+00
6.0938e-03	6.3281e-03	1.3208e+01	2.1483e+01	0.0000e+00	0.0000e+00
6.3281e-03	6.3281e-03	1.3070e+01	2.1495e+01	0.0000e+00	0.0000e+00
6.5625e-03	6.3281e-03	1.3116e+01	2.1702e+01	1.0000e+00	0.0000e+00
6.7969e-03	6.3281e-03	1.3111e+01	2.1868e+01	0.0000e+00	0.0000e+00
7.0313e-03	6.3281e-03	1.3109e+01	2.1839e+01	0.0000e+00	0.0000e+00
7.2656e-03	6.3281e-03	1.3245e+01	2.1775e+01	1.0000e+00	0.0000e+00
2.3438e-04	6.0938e-03	3.7917e+01	2.2111e+01	0.0000e+00	0.0000e+00
4.6875e-04	6.0938e-03	3.4526e+01	2.1764e+01	1.0000e+00	0.0000e+00
7.0313e-04	6.0938e-03	3.4037e+01	2.1752e+01	1.0000e+00	0.0000e+00
9.3750e-04	6.0938e-03	3.4242e+01	2.1221e+01	0.0000e+00	0.0000e+00
1.1719e-03	6.0938e-03	3.3024e+01	2.1814e+01	1.0000e+00	0.0000e+00
1.4063e-03	6.0938e-03	3.1494e+01	2.2343e+01	0.0000e+00	0.0000e+00
1.6406e-03	6.0938e-03	3.1509e+01	2.2336e+01	0.0000e+00	0.0000e+00
1.8750e-03	6.0938e-03	3.2915e+01	2.1796e+01	1.0000e+00	0.0000e+00
2.1094e-03	6.0938e-03	3.3248e+01	2.1675e+01	1.0000e+00	0.0000e+00
2.3438e-03	6.0938e-03	3.3764e+01	2.2145e+01	0.0000e+00	0.0000e+00
2.5781e-03	6.0938e-03	3.4724e+01	2.1323e+01	0.0000e+00	0.0000e+00
2.8125e-03	6.0938e-03	3.2223e+01	2.0882e+01	0.0000e+00	0.0000e+00
3.0469e-03	6.0938e-03	2.4866e+01	2.1590e+01	1.0000e+00	0.0000e+00
3.2813e-03	6.0938e-03	2.0838e+01	2.1675e+01	1.0000e+00	0.0000e+00
3.5156e-03	6.0938e-03	1.4544e+01	2.1689e+01	0.0000e+00	0.0000e+00
3.7500e-03	6.0938e-03	1.5163e+01	2.1800e+01	1.0000e+00	0.0000e+00
3.9844e-03	6.0938e-03	1.4318e+01	2.1786e+01	1.0000e+00	0.0000e+00
4.2188e-03	6.0938e-03	1.3819e+01	2.1771e+01	1.0000e+00	0.0000e+00
4.4531e-03	6.0938e-03	1.3661e+01	2.1778e+01	0.0000e+00	0.0000e+00
4.6875e-03	6.0938e-03	1.3547e+01	2.1811e+01	0.0000e+00	0.0000e+00
4.9219e-03	6.0938e-03	1.3771e+01	2.1804e+01	0.0000e+00	0.0000e+00
5.1563e-03	6.0938e-03	1.3643e+01	2.1687e+01	0.0000e+00	0.0000e+00
5.3906e-03	6.0938e-03	1.3936e+01	2.1720e+01	0.0000e+00	0.0000e+00
5.6250e-03	6.0938e-03	1.3580e+01	2.1710e+01	1.0000e+00	0.0000e+00
5.8594e-03	6.0938e-03	1.3531e+01	2.1625e+01	0.0000e+00	0.0000e+00
6.0938e-03	6.0938e-03	1.3489e+01	2.1626e+01	0.0000e+00	0.0000e+00
6.3281e-03	6.0938e-03	1.3409e+01	2.1560e+01	0.0000e+00	0.0000e+00
6.5625e-03	6.0938e-03	1.3193e+01	2.1692e+01	1.0000e+00	0.0000e+00
6.7969e-03	6.0938e-03	1.3051e+01	2.1729e+01	0.0000e+00	0.0000e+00
7.0313e-03	6.0938e-03	1.3057e+01	2.1672e+01	0.0000e+00	0.0000e+00
7.2656e-03	6.0938e-03	1.4957e+01	2.2092e+01	0.0000e+00	0.0000e+00
2.3438e-04	5.8594e-03	3.7713e+01	2.1614e+01	0.0000e+00	0.0000e+00
4.6875e-04	5.8594e-03	3.2657e+01	2.1509e+01	0.0000e+00	0.0000e+00
7.0313e-04	5.8594e-03	3.3221e+01	2.1025e+01	0.0000e+00	0.0000e+00
9.3750e-04	5.8594e-03	3.5609e+01	2.1284e+01	0.0000e+00	0.0000e+00
1.1719e-03	5.8594e-03	3.3306e+01	2.1494e+01	0.0000e+00	0.0000e+00
1.4063e-03	5.8594e-03	3.2188e+01	2.1451e+01	0.0000e+00	0.0000e+00
1.6406e-03	5.8594e-03	3.5343e+01	2.1465e+01	0.0000e+00	0.0000e+00
1.8750e-03	5.8594e-03	3.3167e+01	2.1683e+01	1.0000e+00	0.0000e+00
2.1094e-03	5.8594e-03	3.3310e+01	2.1566e+01	1.0000e+00	0.0000e+00
2.3438e-03	5.8594e-03	3.3855e+01	2.1706e+01	0.0000e+00	0.0000e+00
2.5781e-03	5.8594e-03	3.7052e+01	2.0801e+01	0.0000e+00	0.0000e+00
2.8125e-03	5.8594e-03	3.3267e+01	2.0244e+01	0.0000e+00	0.0000e+00
3.0469e-03	5.8594e-03	2.3322e+01	2.1994e+01	0.0000e+00	0.0000e+00
3.2813e-03	5.8594e-03	1.5508e+01	2.2470e+01	0.0000e+00	0.0000e+00
3.5156e-03	5.8594e-03	1.7704e+01	2.1804e+01	1.0000e+00	0.0000e+00
3.7500e-03	5.8594e-03	1.5178e+01	2.1794e+01	1.0000e+00	0.0000e+00
3.9844e-03	5.8594e-03	1.4207e+01	2.1543e+01	0.0000e+00	0.0000e+00
4.2188e-03	5.8594e-03	1.3806e+01	2.1783e+01	1.0000e+00	0.0000e+00
4.4531e-03	5.8594e-03	1.3565e+01	2.1776e+01	0.0000e+00	0.0000e+00
4.6875e-03	5.8594e-03	1.3651e+01	2.1780e+01	1.0000e+00	0.0000e+00
4.9219e-03	5.8594e-03	1.3737e+01	2.1771e+01	0.0000e+00	0.0000e+00
5.1563e-03	5.8594e-03	1.3905e+01	2.1765e+01	0.0000e+00	0.0000e+00
5.3906e-03	5.8594e-03	1.3991e+01	2.1709e+01	0.0000e+00	0.0000e+00
5.6250e-03	5.8594e-03	1.4054e+01	2.1655e+01	0.0000e+00	0.0000e+00
5.8594e-03	5.8594e-03	1.3359e+01	2.1740e+01	0.0000e+00	0.0000e+00
6.0938e-03	5.8594e-03	1.3408e+01	2.1679e+01	1.0000e+00	0.0000e+00
6.3281e-03	5.8594e-03	1.3308e+01	2.1685e+01	1.0000e+00	0.0000e+00
6.5625e-03	5.8594e-03	1.3236e+01	2.1692e+01	1.0000e+00	0.0000e+00
6.7969e-03	5.8594e-03	1.3279e+01	2.1716e+01	1.0000e+00	0.0000e+00
7.0313e-03	5.8594e-03	1.3255e+01	2.1732e+01	1.0000e+00	0.0000e+00
7.2656e-03	5.8594e-03	1.3486e+01	2.1442e+01	0.0000e+00	0.0000e+00
2.3438e-04	5.6250e-03	3.3864e+01	2.1480e+01	1.0000e+00	0.0000e+00
4.6875e-04	5.6250e-03	3.3991e+01	2.1470e+01	1.0000e+00	0.0000e+00
7.0313e-04	5.6250e-03	3.3996e+01	2.1450e+01	1.0000e+00	0.0000e+00
9.3750e-04	5.6250e-03	3.3863e+01	2.1591e+01	0.0000e+00	0.0000e+00
1.1719e-03	5.6250e-03	3.3353e+01	2.1333e+01	0.0000e+00	0.0000e+00
1.4063e-03	5.6250e-03	3.4828e+01	2.1189e+01	0.0000e+00	0.0000e+00
1.6406e-03	5.6250e-03	3.6122e+01	2.1141e+01	0.0000e+00	0.0000e+00
1.8750e-03	5.6250e-03	3.3231e+01	2.1523e+01	1.0000e+00	0.0000e+00
2.1094e-03	5.6250e-03	3.3269e+01	2.1455e+01	1.0000e+00	0.0000e+00
2.3438e-03	5.6250e-03	3.3692e+01	2.1326e+01	0.0000e+00	0.0000e+00
2.5781e-03	5.6250e-03	3.3772e+01	2.1200e+01	0.0000e+00	0.0000e+00
2.8125e-03	5.6250e-03	2.8527e+01	2.1361e+01	1.0000e+00	0.0000e+00
3.0469e-03	5.6250e-03	2.7420e+01	2.2374e+01	0.0000e+00	0.0000e+00
3.2813e-03	5.6250e-03	1.5325e+01	2.2073e+01	0.0000e+00	0.0000e+00
3.5156e-03	5.6250e-03	1.7750e+01	2.1662e+01	1.0000e+00	0.0000e+00
3.7500e-03	5.6250e-03	1.4195e+01	2.1789e+01	0.0000e+00	0.0000e+00
3.9844e-03	5.6250e-03	1.3933e+01	2.1587e+01	0.0000e+00	0.0000e+00
4.2188e-03	5.6250e-03	1.3726e+01	2.1823e+01	0.0000e+00	0.0000e+00
4.4531e-03	5.6250e-03	1.3298e+01	2.1891e+01	0.0000e+00	0.0000e+00
4.6875e-03	5.6250e-03	1.3553e+01	2.1633e+01	0.0000e+00	0.0000e+00
4.9219e-03	5.6250e-03	1.3879e+01	2.1782e+01	0.0000e+00	0.0000e+00
5.1563e-03	5.6250e-03	1.3883e+01	2.1948e+01	0.0000e+00	0.0000e+00
5.3906e-03	5.6250e-03	1.3659e+01	2.1742e+01	1.0000e+00	0.0000e+00
5.6250e-03	5.6250e-03	1.3528e+01	2.1766e+01	0.0000e+00	0.0000e+00
5.8594e-03	5.6250e-03	1.3256e+01	2.1705e+01	0.0000e+00	0.0000e+00
6.0938e-03	5.6250e-03	1.3353e+01	2.1660e+01	0.0000e+00	0.0000e+00
6.3281e-03	5.6250e-03	1.3629e+01	2.1710e+01	0.0000e+00	0.0000e+00
6.5625e-03	5.6250e-03	1.3386e+01	2.1842e+01	0.0000e+00	0.0000e+00
6.7969e-03	5.6250e-03	1.3283e+01	2.1653e+01	0.0000e+00	0.0000e+00
7.0313e-03	5.6250e-03	1.2968e+01	2.1660e+01	0.0000e+00	0.0000e+00
7.2656e-03	5.6250e-03	1.3267e+01	2.1611e+01	0.0000e+00	0.0000e+00
2.3438e-04	5.3906e-03	3.6581e+01	2.1038e+01	0.0000e+00	0.0000e+00
4.6875e-04	5.3906e-03	3.3341e+01	2.1434e+01	1.0000e+00	0.0000e+00
7.0313e-04	5.3906e-03	3.3578e+01	2.1400e+01	1.0000e+00	0.0000e+00
9.3750e-04	5.3906e-03	3.3866e+01	2.1631e+01	0.0000e+00	0.0000e+00
1.1719e-03	5.3906e-03	3.4414e+01	2.1242e+01	0.0000e+00	0.0000e+00
1.4063e-03	5.3906e-03	3.5491e+01	2.1094e+01	0.0000e+00	0.0000e+00
1.6406e-03	5.3906e-03	3.3613e+01	2.1351e+01	1.0000e+00	0.0000e+00
1.8750e-03	5.3906e-03	3.1503e+01	2.1534e+01	0.0000e+00	0.0000e+00
2.1094e-03	5.3906e-03	3.1611e+01	2.1403e+01	0.0000e+00	0.0000e+00
2.3438e-03	5.3906e-03	3.3089e+01	2.1157e+01	0.0000e+00	0.0000e+00
2.5781e-03	5.3906e-03	3.2060e+01	2.1077e+01	0.0000e+00	0.0000e+00
2.8125e-03	5.3906e-03	2.8184e+01	2.1277e+01	1.0000e+00	0.0000e+00
3.0469e-03	5.3906e-03	3.0382e+01	2.2152e+01	0.0000e+00	0.0000e+00
3.2813e-03	5.3906e-03	2.0788e+01	2.1433e+01	1.0000e+00	0.0000e+00
3.5156e-03	5.3906e-03	1.3848e+01	2.2231e+01	0.0000e+00	0.0000e+00
3.7500e-03	5.3906e-03	1.4198e+01	2.2160e+01	0.0000e+00	0.0000e+00
3.9844e-03	5.3906e-03	1.3902e+01	2.1684e+01	0.0000e+00	0.0000e+00
4.2188e-03	5.3906e-03	1.3728e+01	2.1816e+01	1.0000e+00	0.0000e+00
4.4531e-03	5.3906e-03	1.3289e+01	2.1824e+01	0.0000e+00	0.0000e+00
4.6875e-03	5.3906e-03	1.3649e+01	2.1837e+01	0.0000e+00	0.0000e+00
4.9219e-03	5.3906e-03	1.3639e+01	2.1780e+01	1.0000e+00	0.0000e+00
5.1563e-03	5.3906e-03	1.3692e+01	2.1718e+01	0.0000e+00	0.0000e+00
5.3906e-03	5.3906e-03	1.3629e+01	2.1737e+01	1.0000e+00	0.0000e+00
5.6250e-03	5.3906e-03	1.3550e+01	2.1717e+01	1.0000e+00	0.0000e+00
5.8594e-03	5.3906e-03	1.3457e+01	2.1696e+01	1.0000e+00	0.0000e+00
6.0938e-03	5.3906e-03	1.3389e+01	2.1636e+01	0.0000e+00	0.0000e+00
6.3281e-03	5.3906e-03	1.3457e+01	2.1791e+01	0.0000e+00	0.0000e+00
6.5625e-03	5.3906e-03	1.3316e+01	2.1805e+01	0.0000e+00	0.0000e+00
6.7969e-03	5.3906e-03	1.3087e+01	2.1734e+01	0.0000e+00	0.0000e+00
7.0313e-03	5.3906e-03	1.2737e+01	2.1650e+01	0.0000e+00	0.0000e+00
7.2656e-03	5.3906e-03	1.3001e+01	2.1741e+01	0.0000e+00	0.0000e+00
2.3438e-04	5.1563e-03	3.7282e+01	2.1121e+01	0.0000e+00	0.0000e+00
4.6875e-04	5.1563e-03	2.6656e+01	2.1677e+01	0.0000e+00	0.0000e+00
7.0313e-04	5.1563e-03	2.8304e+01	2.1469e+01	0.0000e+00	0.0000e+00
9.3750e-04	5.1563e-03	3.4267e+01	2.1478e+01	0.0000e+00	0.0000e+00
1.1719e-03	5.1563e-03	3.6046e+01	2.0986e+01	0.0000e+00	0.0000e+00
1.4063e-03	5.1563e-03	3.3903e+01	2.1192e+01	0.0000e+00	0.0000e+00
1.6406e-03	5.1563e-03	3.3626e+01	2.1361e+01	1.0000e+00	0.0000e+00
1.8750e-03	5.1563e-03	3.3092e+01	2.1378e+01	1.0000e+00	0.0000e+00
2.1094e-03	5.1563e-03	2.9833e+01	2.1341e+01	0.0000e+00	0.0000e+00
2.3438e-03	5.1563e-03	3.2728e+01	2.1600e+01	0.0000e+00	0.0000e+00
2.5781e-03	5.1563e-03	3.0834e+01	2.1199e+01	1.0000e+00	0.0000e+00
2.8125e-03	5.1563e-03	2.7963e+01	2.1171e+01	1.0000e+00	0.0000e+00
3.0469e-03	5.1563e-03	2.7756e+01	1.9844e+01	0.0000e+00	0.0000e+00
3.2813e-03	5.1563e-03	1.6328e+01	2.0125e+01	0.0000e+00	0.0000e+00
3.5156e-03	5.1563e-03	1.4733e+01	2.0843e+01	0.0000e+00	0.0000e+00
3.7500e-03	5.1563e-03	1.4236e+01	2.1717e+01	0.0000e+00	0.0000e+00
3.9844e-03	5.1563e-03	1.3766e+01	2.1721e+01	0.0000e+00	0.0000e+00
4.2188e-03	5.1563e-03	1.3706e+01	2.1873e+01	0.0000e+00	0.0000e+00
4.4531e-03	5.1563e-03	1.3579e+01	2.1827e+01	1.0000e+00	0.0000e+00
4.6875e-03	5.1563e-03	1.3497e+01	2.1830e+01	0.0000e+00	0.0000e+00
4.9219e-03	5.1563e-03	1.3669e+01	2.1785e+01	0.0000e+00	0.0000e+00
5.1563e-03	5.1563e-03	1.3697e+01	2.1799e+01	0.0000e+00	0.0000e+00
5.3906e-03	5.1563e-03	1.3590e+01	2.1747e+01	1.0000e+00	0.0000e+00
5.6250e-03	5.1563e-03	1.3330e+01	2.1746e+01	0.0000e+00	0.0000e+00
5.8594e-03	5.1563e-03	1.3391e+01	2.1699e+01	1.0000e+00	0.0000e+00
6.0938e-03	5.1563e-03	1.3250e+01	2.1754e+01	0.0000e+00	0.0000e+00
6.3281e-03	5.1563e-03	1.3017e+01	2.1758e+01	0.0000e+00	0.0000e+00
6.5625e-03	5.1563e-03	1.3007e+01	2.1642e+01	0.0000e+00	0.0000e+00
6.7969e-03	5.1563e-03	1.3009e+01	2.1764e+01	0.0000e+00	0.0000e+00
7.0313e-03	5.1563e-03	1.2719e+01	2.1750e+01	0.0000e+00	0.0000e+00
7.2656e-03	5.1563e-03	1.2986e+01	2.1607e+01	1.0000e+00	0.0000e+00
2.3438e-04	4.9219e-03	3.3533e+01	2.1530e+01	1.0000e+00	0.0000e+00
4.6875e-04	4.9219e-03	3.3427e+01	2.1546e+01	1.0000e+00	0.0000e+00
7.0313e-04	4.9219e-03	2.8884e+01	2.2088e+01	0.0000e+00	0.0000e+00
9.3750e-04	4.9219e-03	3.2382e+01	2.0975e+01	0.0000e+00	0.0000e+00
1.1719e-03	4.9219e-03	3.5521e+01	2.1261e+01	0.0000e+00	0.0000e+00
1.4063e-03	4.9219e-03	3.3673e+01	2.1494e+01	1.0000e+00	0.0000e+00
1.6406e-03	4.9219e-03	3.4174e+01	2.1695e+01	0.0000e+00	0.0000e+00
1.8750e-03	4.9219e-03	3.2904e+01	2.0984e+01	0.0000e+00	0.0000e+00
2.1094e-03	4.9219e-03	3.2587e+01	2.1430e+01	1.0000e+00	0.0000e+00
2.3438e-03	4.9219e-03	3.2167e+01	2.1668e+01	0.0000e+00	0.0000e+00
2.5781e-03	4.9219e-03	3.4840e+01	2.1251e+01	0.0000e+00	0.0000e+00
2.8125e-03	4.9219e-03	3.1878e+01	2.0877e+01	0.0000e+00	0.0000e+00
3.0469e-03	4.9219e-03	2.3177e+01	2.0192e+01	0.0000e+00	0.0000e+00
3.2813e-03	4.9219e-03	2.0544e+01	2.1388e+01	1.0000e+00	0.0000e+00
3.5156e-03	4.9219e-03	1.4810e+01	2.0746e+01	0.0000e+00	0.0000e+00
3.7500e-03	4.9219e-03	1.3938e+01	2.2014e+01	0.0000e+00	0.0000e+00
3.9844e-03	4.9219e-03	1.3123e+01	2.2147e+01	0.0000e+00	0.0000e+00
4.2188e-03	4.9219e-03	1.3511e+01	2.1895e+01	0.0000e+00	0.0000e+00
4.4531e-03	4.9219e-03	1.3386e+01	2.1856e+01	0.0000e+00	0.0000e+00
4.6875e-03	4.9219e-03	1.3414e+01	2.1756e+01	0.0000e+00	0.0000e+00
4.9219e-03	4.9219e-03	1.3661e+01	2.1681e+01	0.0000e+00	0.0000e+00
5.1563e-03	4.9219e-03	1.3590e+01	2.1774e+01	1.0000e+00	0.0000e+00
5.3906e-03	4.9219e-03	1.3756e+01	2.1723e+01	0.0000e+00	0.0000e+00
5.6250e-03	4.9219e-03	1.3383e+01	2.1532e+01	0.0000e+00	0.0000e+00
5.8594e-03	4.9219e-03	1.3358e+01	2.1702e+01	1.0000e+00	0.0000e+00
6.0938e-03	4.9219e-03	1.3205e+01	2.1567e+01	0.0000e+00	0.0000e+00
6.3281e-03	4.9219e-03	1.3000e+01	2.1567e+01	0.0000e+00	0.0000e+00
6.5625e-03	4.9219e-03	1.3126e+01	2.1606e+01	0.0000e+00	0.0000e+00
6.7969e-03	4.9219e-03	1.3012e+01	2.1626e+01	1.0000e+00	0.0000e+00
7.0313e-03	4.9219e-03	1.2834e+01	2.1641e+01	0.0000e+00	0.0000e+00
7.2656e-03	4.9219e-03	1.2946e+01	2.1383e+01	0.0000e+00	0.0000e+00
2.3438e-04	4.6875e-03	3.7174e+01	2.0932e+01	0.0000e+00	0.0000e+00
4.6875e-04	4.6875e-03	3.3558e+01	2.1646e+01	1.0000e+00	0.0000e+00
7.0313e-04	4.6875e-03	3.3782e+01	2.1637e+01	1.0000e+00	0.0000e+00
9.3750e-04	4.6875e-03	3.1972e+01	2.1444e+01	0.0000e+00	0.0000e+00
1.1719e-03	4.6875e-03	3.4662e+01	2.1516e+01	0.0000e+00	0.0000e+00
1.4063e-03	4.6875e-03	3.3682e+01	2.1621e+01	1.0000e+00	0.0000e+00
1.6406e-03	4.6875e-03	3.3449e+01	2.1666e+01	1.0000e+00	0.0000e+00
1.8750e-03	4.6875e-03	3.2837e+01	2.1649e+01	1.0000e+00	0.0000e+00
2.1094e-03	4.6875e-03	3.2730e+01	2.1578e+01	1.0000e+00	0.0000e+00
2.3438e-03	4.6875e-03	2.8973e+01	2.1022e+01	0.0000e+00	0.0000e+00
2.5781e-03	4.6875e-03	3.6283e+01	2.0262e+01	0.0000e+00	0.0000e+00
2.8125e-03	4.6875e-03	2.7642e+01	2.1226e+01	1.0000e+00	0.0000e+00
3.0469e-03	4.6875e-03	2.4235e+01	2.1249e+01	1.0000e+00	0.0000e+00
3.2813e-03	4.6875e-03	2.0352e+01	2.1407e+01	1.0000e+00	0.0000e+00
3.5156e-03	4.6875e-03	1.4325e+01	2.2016e+01	0.0000e+00	0.0000e+00
3.7500e-03	4.6875e-03	1.3810e+01	2.2198e+01	0.0000e+00	0.0000e+00
3.9844e-03	4.6875e-03	1.3076e+01	2.2227e+01	0.0000e+00	0.0000e+00
4.2188e-03	4.6875e-03	1.3480e+01	2.1796e+01	0.0000e+00	0.0000e+00
4.4531e-03	4.6875e-03	1.3432e+01	2.1845e+01	0.0000e+00	0.0000e+00
4.6875e-03	4.6875e-03	1.3644e+01	2.1839e+01	0.0000e+00	0.0000e+00
4.9219e-03	4.6875e-03	1.3961e+01	2.1923e+01	0.0000e+00	0.0000e+00
5.1563e-03	4.6875e-03	1.3796e+01	2.1759e+01	0.0000e+00	0.0000e+00
5.3906e-03	4.6875e-03	1.3513e+01	2.1756e+01	1.0000e+00	0.0000e+00
5.6250e-03	4.6875e-03	1.3432e+01	2.1728e+01	1.0000e+00	0.0000e+00
5.8594e-03	4.6875e-03	1.3306e+01	2.1700e+01	1.0000e+00	0.0000e+00
6.0938e-03	4.6875e-03	1.3185e+01	2.1674e+01	1.0000e+00	0.0000e+00
6.3281e-03	4.6875e-03	1.3091e+01	2.1658e+01	1.0000e+00	0.0000e+00
6.5625e-03	4.6875e-03	1.3031e+01	2.1580e+01	0.0000e+00	0.0000e+00
6.7969e-03	4.6875e-03	1.2854e+01	2.1533e+01	0.0000e+00	0.0000e+00
7.0313e-03	4.6875e-03	1.3018e+01	2.1506e+01	0.0000e+00	0.0000e+00
7.2656e-03	4.6875e-03	1.3077e+01	2.1242e+01	0.0000e+00	0.0000e+00
2.3438e-04	4.4531e-03	3.9280e+01	2.2113e+01	0.0000e+00	0.0000e+00
4.6875e-04	4.4531e-03	3.4306e+01	2.1718e+01	1.0000e+00	0.0000e+00
7.0313e-04	4.4531e-03	3.4236e+01	2.1795e+01	0.0000e+00	0.0000e+00
9.3750e-04	4.4531e-03	3.3051e+01	2.2436e+01	0.0000e+00	0.0000e+00
1.1719e-03	4.4531e-03	3.3352e+01	2.2322e+01	0.0000e+00	0.0000e+00
1.4063e-03	4.4531e-03	3.3525e+01	2.1750e+01	1.0000e+00	0.0000e+00
1.6406e-03	4.4531e-03	3.3335e+01	2.1805e+01	1.0000e+00	0.0000e+00
1.8750e-03	4.4531e-03	3.2830e+01	2.1764e+01	1.0000e+00	0.0000e+00
2.1094e-03	4.4531e-03	2.9946e+01	2.2585e+01	0.0000e+00	0.0000e+00
2.3438e-03	4.4531e-03	3.2129e+01	2.1558e+01	1.0000e+00	0.0000e+00
2.5781e-03	4.4531e-03	3.2889e+01	2.1617e+01	0.0000e+00	0.0000e+00
2.8125e-03	4.4531e-03	2.7553e+01	2.1429e+01	1.0000e+00	0.0000e+00
3.0469e-03	4.4531e-03	2.4117e+01	2.1506e+01	1.0000e+00	0.0000e+00
3.2813e-03	4.4531e-03	2.0258e+01	2.1670e+01	1.0000e+00	0.0000e+00
3.5156e-03	4.4531e-03	1.4182e+01	2.2475e+01	0.0000e+00	0.0000e+00
3.7500e-03	4.4531e-03	1.3582e+01	2.2100e+01	0.0000e+00	0.0000e+00
3.9844e-03	4.4531e-03	1.3744e+01	2.1914e+01	1.0000e+00	0.0000e+00
4.2188e-03	4.4531e-03	1.3483e+01	2.1742e+01	0.0000e+00	0.0000e+00
4.4531e-03	4.4531e-03	1.3503e+01	2.1841e+01	1.0000e+00	0.0000e+00
4.6875e-03	4.4531e-03	1.3516e+01	2.1819e+01	0.0000e+00	0.0000e+00
4.9219e-03	4.4531e-03	1.3401e+01	2.1794e+01	0.0000e+00	0.0000e+00
5.1563e-03	4.4531e-03	1.3527e+01	2.1782e+01	1.0000e+00	0.0000e+00
5.3906e-03	4.4531e-03	1.3474e+01	2.1787e+01	0.0000e+00	0.0000e+00
5.6250e-03	4.4531e-03	1.3518e+01	2.1968e+01	0.0000e+00	0.0000e+00
5.8594e-03	4.4531e-03	1.3287e+01	2.1685e+01	1.0000e+00	0.0000e+00
6.0938e-03	4.4531e-03	1.3291e+01	2.1606e+01	0.0000e+00	0.0000e+00
6.3281e-03	4.4531e-03	1.3079e+01	2.1643e+01	1.0000e+00	0.0000e+00
6.5625e-03	4.4531e-03	1.2914e+01	2.1629e+01	0.0000e+00	0.0000e+00
6.7969e-03	4.4531e-03	1.3030e+01	2.1623e+01	1.0000e+00	0.0000e+00
7.0313e-03	4.4531e-03	1.3028e+01	2.1626e+01	1.0000e+00	0.0000e+00
7.2656e-03	4.4531e-03	1.3046e+01	2.1621e+01	1.0000e+00	0.0000e+00
2.3438e-04	4.2188e-03	3.5265e+01	2.1808e+01	1.0000e+00	0.0000e+00
4.6875e-04	4.2188e-03	3.4818e+01	2.1829e+01	1.0000e+00	0.0000e+00
7.0313e-04	4.2188e-03	3.4502e+01	2.1838e+01	1.0000e+00	0.0000e+00
9.3750e-04	4.2188e-03	3.3813e+01	2.1859e+01	1.0000e+00	0.0000e+00
1.1719e-03	4.2188e-03	3.3691e+01	2.1875e+01	1.0000e+00	0.0000e+00
1.4063e-03	4.2188e-03	3.3422e+01	2.1897e+01	1.0000e+00	0.0000e+00
1.6406e-03	4.2188e-03	3.3099e+01	2.1950e+01	1.0000e+00	0.0000e+00
1.8750e-03	4.2188e-03	3.5359e+01	2.2051e+01	0.0000e+00	0.0000e+00
2.1094e-03	4.2188e-03	3.4451e+01	2.2545e+01	0.0000e+00	0.0000e+00
2.3438e-03	4.2188e-03	3.1770e+01	2.1688e+01	1.0000e+00	0.0000e+00
2.5781e-03	4.2188e-03	3.0164e+01	2.1637e+01	1.0000e+00	0.0000e+00
2.8125e-03	4.2188e-03	2.9580e+01	2.1776e+01	0.0000e+00	0.0000e+00
3.0469e-03	4.2188e-03	2.4222e+01	2.1708e+01	1.0000e+00	0.0000e+00
3.2813e-03	4.2188e-03	2.0511e+01	2.1874e+01	1.0000e+00	0.0000e+00
3.5156e-03	4.2188e-03	1.7167e+01	2.1933e+01	1.0000e+00	0.0000e+00
3.7500e-03	4.2188e-03	1.3657e+01	2.1926e+01	0.0000e+00	0.0000e+00
3.9844e-03	4.2188e-03	1.3544e+01	2.1687e+01	0.0000e+00	0.0000e+00
4.2188e-03	4.2188e-03	1.3521e+01	2.1764e+01	0.0000e+00	0.0000e+00
4.4531e-03	4.2188e-03	1.3490e+01	2.1830e+01	0.0000e+00	0.0000e+00
4.6875e-03	4.2188e-03	1.3469e+01	2.1885e+01	0.0000e+00	0.0000e+00
4.9219e-03	4.2188e-03	1.3357e+01	2.1765e+01	0.0000e+00	0.0000e+00
5.1563e-03	4.2188e-03	1.3504e+01	2.1791e+01	1.0000e+00	0.0000e+00
5.3906e-03	4.2188e-03	1.3440e+01	2.1761e+01	1.0000e+00	0.0000e+00
5.6250e-03	4.2188e-03	1.3362e+01	2.1723e+01	1.0000e+00	0.0000e+00
5.8594e-03	4.2188e-03	1.3248e+01	2.1739e+01	0.0000e+00	0.0000e+00
6.0938e-03	4.2188e-03	1.3158e+01	2.1663e+01	1.0000e+00	0.0000e+00
6.3281e-03	4.2188e-03	1.3063e+01	2.1647e+01	1.0000e+00	0.0000e+00
6.5625e-03	4.2188e-03	1.2796e+01	2.1724e+01	0.0000e+00	0.0000e+00
6.7969e-03	4.2188e-03	1.2803e+01	2.1748e+01	0.0000e+00	0.0000e+00
7.0313e-03	4.2188e-03	1.3229e+01	2.1795e+01	0.0000e+00	0.0000e+00
7.2656e-03	4.2188e-03	1.3839e+01	2.1821e+01	0.0000e+00	0.0000e+00
2.3438e-04	3.9844e-03	3.6686e+01	2.1431e+01	0.0000e+00	0.0000e+00
4.6875e-04	3.9844e-03	3.4941e+01	2.1863e+01	1.0000e+00	0.0000e+00
7.0313e-04	3.9844e-03	3.4335e+01	2.1882e+01	1.0000e+00	0.0000e+00
9.3750e-04	3.9844e-03	3.5547e+01	2.1831e+01	0.0000e+00	0.0000e+00
1.1719e-03	3.9844e-03	3.3628e+01	2.1886e+01	1.0000e+00	0.0000e+00
1.4063e-03	3.9844e-03	3.3326e+01	2.1909e+01	1.0000e+00	0.0000e+00
1.6406e-03	3.9844e-03	3.2887e+01	2.1977e+01	1.0000e+00	0.0000e+00
1.8750e-03	3.9844e-03	3.1859e+01	2.1802e+01	0.0000e+00	0.0000e+00
2.1094e-03	3.9844e-03	3.2262e+01	2.1901e+01	1.0000e+00	0.0000e+00
2.3438e-03	3.9844e-03	3.3008e+01	2.1873e+01	0.0000e+00	0.0000e+00
2.5781e-03	3.9844e-03	3.0502e+01	2.1247e+01	0.0000e+00	0.0000e+00
2.8125e-03	3.9844e-03	3.1204e+01	2.1816e+01	0.0000e+00	0.0000e+00
3.0469e-03	3.9844e-03	2.3974e+01	2.1923e+01	1.0000e+00	0.0000e+00
3.2813e-03	3.9844e-03	1.5693e+01	2.2041e+01	0.0000e+00	0.0000e+00
3.5156e-03	3.9844e-03	1.4296e+01	2.2455e+01	0.0000e+00	0.0000e+00
3.7500e-03	3.9844e-03	1.4933e+01	2.1941e+01	1.0000e+00	0.0000e+00
3.9844e-03	3.9844e-03	1.3631e+01	2.1791e+01	0.0000e+00	0.0000e+00
4.2188e-03	3.9844e-03	1.3569e+01	2.1772e+01	0.0000e+00	0.0000e+00
4.4531e-03	3.9844e-03	1.3605e+01	2.1793e+01	1.0000e+00	0.0000e+00
4.6875e-03	3.9844e-03	1.3603e+01	2.1874e+01	0.0000e+00	0.0000e+00
4.9219e-03	3.9844e-03	1.3496e+01	2.1784e+01	1.0000e+00	0.0000e+00
5.1563e-03	3.9844e-03	1.3450e+01	2.1778e+01	1.0000e+00	0.0000e+00
5.3906e-03	3.9844e-03	1.3379e+01	2.1749e+01	1.0000e+00	0.0000e+00
5.6250e-03	3.9844e-03	1.3319e+01	2.1717e+01	1.0000e+00	0.0000e+00
5.8594e-03	3.9844e-03	1.3229e+01	2.1679e+01	1.0000e+00	0.0000e+00
6.0938e-03	3.9844e-03	1.3146e+01	2.1666e+01	1.0000e+00	0.0000e+00
6.3281e-03	3.9844e-03	1.3104e+01	2.1553e+01	0.0000e+00	0.0000e+00
6.5625e-03	3.9844e-03	1.3031e+01	2.1676e+01	1.0000e+00	0.0000e+00
6.7969e-03	3.9844e-03	1.2861e+01	2.1689e+01	0.0000e+00	0.0000e+00
7.0313e-03	3.9844e-03	1.3057e+01	2.1735e+01	1.0000e+00	0.0000e+00
7.2656e-03	3.9844e-03	1.3085e+01	2.1747e+01	1.0000e+00	0.0000e+00
2.3438e-04	3.7500e-03	3.7778e+01	2.2636e+01	0.0000e+00	0.0000e+00
4.6875e-04	3.7500e-03	3.2915e+01	2.2146e+01	0.0000e+00	0.0000e+00
7.0313e-04	3.7500e-03	3.4558e+01	2.1765e+01	0.0000e+00	0.0000e+00
9.3750e-04	3.7500e-03	3.3874e+01	2.1816e+01	1.0000e+00	0.0000e+00
1.1719e-03	3.7500e-03	3.0752e+01	2.1732e+01	0.0000e+00	0.0000e+00
1.4063e-03	3.7500e-03	3.5196e+01	2.2381e+01	0.0000e+00	0.0000e+00
1.6406e-03	3.7500e-03	3.4875e+01	2.1924e+01	0.0000e+00	0.0000e+00
1.8750e-03	3.7500e-03	3.2236e+01	2.2174e+01	0.0000e+00	0.0000e+00
2.1094e-03	3.7500e-03	2.9849e+01	2.2193e+01	0.0000e+00	0.0000e+00
2.3438e-03	3.7500e-03	3.1425e+01	2.1489e+01	0.0000e+00	0.0000e+00
2.5781e-03	3.7500e-03	3.0825e+01	2.1385e+01	0.0000e+00	0.0000e+00
2.8125e-03	3.7500e-03	3.0852e+01	2.2149e+01	0.0000e+00	0.0000e+00
3.0469e-03	3.7500e-03	2.4911e+01	2.2022e+01	0.0000e+00	0.0000e+00
3.2813e-03	3.7500e-03	2.0641e+01	2.2040e+01	1.0000e+00	0.0000e+00
3.5156e-03	3.7500e-03	1.7279e+01	2.1923e+01	1.0000e+00	0.0000e+00
3.7500e-03	3.7500e-03	1.3604e+01	2.2197e+01	0.0000e+00	0.0000e+00
3.9844e-03	3.7500e-03	1.4129e+01	2.1851e+01	1.0000e+00	0.0000e+00
4.2188e-03	3.7500e-03	1.3682e+01	2.1716e+01	0.0000e+00	0.0000e+00
4.4531e-03	3.7500e-03	1.3615e+01	2.1716e+01	0.0000e+00	0.0000e+00
4.6875e-03	3.7500e-03	1.3698e+01	2.1775e+01	0.0000e+00	0.0000e+00
4.9219e-03	3.7500e-03	1.3497e+01	2.1774e+01	1.0000e+00	0.0000e+00
5.1563e-03	3.7500e-03	1.3434e+01	2.1762e+01	1.0000e+00	0.0000e+00
5.3906e-03	3.7500e-03	1.3347e+01	2.1738e+01	1.0000e+00	0.0000e+00
5.6250e-03	3.7500e-03	1.3309e+01	2.1659e+01	0.0000e+00	0.0000e+00
5.8594e-03	3.7500e-03	1.3214e+01	2.1668e+01	0.0000e+00	0.0000e+00
6.0938e-03	3.7500e-03	1.3092e+01	2.1500e+01	0.0000e+00	0.0000e+00
6.3281e-03	3.7500e-03	1.2923e+01	2.1501e+01	0.0000e+00	0.0000e+00
6.5625e-03	3.7500e-03	1.3059e+01	2.1720e+01	1.0000e+00	0.0000e+00
6.7969e-03	3.7500e-03	1.3016e+01	2.1776e+01	0.0000e+00	0.0000e+00
7.0313e-03	3.7500e-03	1.2867e+01	2.1835e+01	0.0000e+00	0.0000e+00
7.2656e-03	3.7500e-03	1.3126e+01	2.1795e+01	1.0000e+00	0.0000e+00
2.3438e-04	3.5156e-03	3.5510e+01	2.1641e+01	1.0000e+00	0.0000e+00
4.6875e-04	3.5156e-03	3.5250e+01	2.1613e+01	1.0000e+00	0.0000e+00
7.0313e-04	3.5156e-03	3.4557e+01	2.1659e+01	1.0000e+00	0.0000e+00
9.3750e-04	3.5156e-03	3.2537e+01	2.1420e+01	0.0000e+00	0.0000e+00
1.1719e-03	3.5156e-03	2.8017e+01	2.1957e+01	0.0000e+00	0.0000e+00
1.4063e-03	3.5156e-03	3.4525e+01	2.1752e+01	0.0000e+00	0.0000e+00
1.6406e-03	3.5156e-03	3.6723e+01	2.1266e+01	0.0000e+00	0.0000e+00
1.8750e-03	3.5156e-03	3.2417e+01	2.1780e+01	1.0000e+00	0.0000e+00
2.1094e-03	3.5156e-03	3.0537e+01	2.1906e+01	0.0000e+00	0.0000e+00
2.3438e-03	3.5156e-03	2.9120e+01	2.2078e+01	0.0000e+00	0.0000e+00
2.5781e-03	3.5156e-03	3.1258e+01	2.2871e+01	0.0000e+00	0.0000e+00
2.8125e-03	3.5156e-03	3.0844e+01	2.2870e+01	0.0000e+00	0.0000e+00
3.0469e-03	3.5156e-03	2.3307e+01	2.1539e+01	0.0000e+00	0.0000e+00
3.2813e-03	3.5156e-03	1.6550e+01	2.1789e+01	0.0000e+00	0.0000e+00
3.5156e-03	3.5156e-03	1.4648e+01	2.1851e+01	0.0000e+00	0.0000e+00
3.7500e-03	3.5156e-03	1.5169e+01	2.1866e+01	1.0000e+00	0.0000e+00
3.9844e-03	3.5156e-03	1.4026e+01	2.1922e+01	0.0000e+00	0.0000e+00
4.2188e-03	3.5156e-03	1.4032e+01	2.1828e+01	0.0000e+00	0.0000e+00
4.4531e-03	3.5156e-03	1.3677e+01	2.1739e+01	0.0000e+00	0.0000e+00
4.6875e-03	3.5156e-03	1.3628e+01	2.1766e+01	1.0000e+00	0.0000e+00
4.9219e-03	3.5156e-03	1.3567e+01	2.1719e+01	0.0000e+00	0.0000e+00
5.1563e-03	3.5156e-03	1.3295e+01	2.1747e+01	0.0000e+00	0.0000e+00
5.3906e-03	3.5156e-03	1.3351e+01	2.1744e+01	1.0000e+00	0.0000e+00
5.6250e-03	3.5156e-03	1.3272e+01	2.1726e+01	1.0000e+00	0.0000e+00
5.8594e-03	3.5156e-03	1.3204e+01	2.1704e+01	1.0000e+00	0.0000e+00
6.0938e-03	3.5156e-03	1.3185e+01	2.1628e+01	0.0000e+00	0.0000e+00
6.3281e-03	3.5156e-03	1.3009e+01	2.1657e+01	0.0000e+00	0.0000e+00
6.5625e-03	3.5156e-03	1.3102e+01	2.1753e+01	1.0000e+00	0.0000e+00
6.7969e-03	3.5156e-03	1.2995e+01	2.1754e+01	0.0000e+00	0.0000e+00
7.0313e-03	3.5156e-03	1.3127e+01	2.1805e+01	1.0000e+00	0.0000e+00
7.2656e-03	3.5156e-03	1.3143e+01	2.1823e+01	1.0000e+00	0.0000e+00
2.3438e-04	3.2813e-03	3.5237e+01	2.1252e+01	0.0000e+00	0.0000e+00
4.6875e-04	3.2813e-03	3.5920e+01	2.1520e+01	1.0000e+00	0.0000e+00
7.0313e-04	3.2813e-03	3.5132e+01	2.1572e+01	1.0000e+00	0.0000e+00
9.3750e-04	3.2813e-03	3.5485e+01	2.1568e+01	0.0000e+00	0.0000e+00
1.1719e-03	3.2813e-03	3.1831e+01	2.2084e+01	0.0000e+00	0.0000e+00
1.4063e-03	3.2813e-03	3.3654e+01	2.1473e+01	0.0000e+00	0.0000e+00
1.6406e-03	3.2813e-03	3.6004e+01	2.1045e+01	0.0000e+00	0.0000e+00
1.8750e-03	3.2813e-03	3.2348e+01	2.1779e+01	1.0000e+00	0.0000e+00
2.1094e-03	3.2813e-03	3.1728e+01	2.1837e+01	1.0000e+00	0.0000e+00
2.3438e-03	3.2813e-03	3.0724e+01	2.1982e+01	1.0000e+00	0.0000e+00
2.5781e-03	3.2813e-03	2.8997e+01	2.2010e+01	1.0000e+00	0.0000e+00
2.8125e-03	3.2813e-03	3.0854e+01	2.3097e+01	0.0000e+00	0.0000e+00
3.0469e-03	3.2813e-03	2.2514e+01	2.1948e+01	0.0000e+00	0.0000e+00
3.2813e-03	3.2813e-03	2.0265e+01	2.1999e+01	1.0000e+00	0.0000e+00
3.5156e-03	3.2813e-03	1.7173e+01	2.1889e+01	1.0000e+00	0.0000e+00
3.7500e-03	3.2813e-03	1.5236e+01	2.1871e+01	1.0000e+00	0.0000e+00
3.9844e-03	3.2813e-03	1.4265e+01	2.1552e+01	0.0000e+00	0.0000e+00
4.2188e-03	3.2813e-03	1.3878e+01	2.1674e+01	0.0000e+00	0.0000e+00
4.4531e-03	3.2813e-03	1.3672e+01	2.1727e+01	0.0000e+00	0.0000e+00
4.6875e-03	3.2813e-03	1.3663e+01	2.1760e+01	1.0000e+00	0.0000e+00
4.9219e-03	3.2813e-03	1.3558e+01	2.1755e+01	1.0000e+00	0.0000e+00
5.1563e-03	3.2813e-03	1.3351e+01	2.1802e+01	0.0000e+00	0.0000e+00
5.3906e-03	3.2813e-03	1.3198e+01	2.1749e+01	0.0000e+00	0.0000e+00
5.6250e-03	3.2813e-03	1.3288e+01	2.1745e+01	1.0000e+00	0.0000e+00
5.8594e-03	3.2813e-03	1.3068e+01	2.1708e+01	0.0000e+00	0.0000e+00
6.0938e-03	3.2813e-03	1.3225e+01	2.1804e+01	0.0000e+00	0.0000e+00
6.3281e-03	3.2813e-03	1.3229e+01	2.1929e+01	0.0000e+00	0.0000e+00
6.5625e-03	3.2813e-03	1.3109e+01	2.1811e+01	0.0000e+00	0.0000e+00
6.7969e-03	3.2813e-03	1.3262e+01	2.1814e+01	0.0000e+00	0.0000e+00
7.0313e-03	3.2813e-03	1.3149e+01	2.1819e+01	1.0000e+00	0.0000e+00
7.2656e-03	3.2813e-03	1.3299e+01	2.1878e+01	0.0000e+00	0.0000e+00
2.3438e-04	3.0469e-03	3.7965e+01	2.1404e+01	0.0000e+00	0.0000e+00
4.6875e-04	3.0469e-03	3.5177e+01	2.1398e+01	0.0000e+00	0.0000e+00
7.0313e-04	3.0469e-03	3.5953e+01	2.0831e+01	0.0000e+00	0.0000e+00
9.3750e-04	3.0469e-03	3.5598e+01	2.1011e+01	0.0000e+00	0.0000e+00
1.1719e-03	3.0469e-03	3.4707e+01	2.1542e+01	0.0000e+00	0.0000e+00
1.4063e-03	3.0469e-03	3.2418e+01	2.1780e+01	0.0000e+00	0.0000e+00
1.6406e-03	3.0469e-03	3.2362e+01	2.1737e+01	1.0000e+00	0.0000e+00
1.8750e-03	3.0469e-03	3.2459e+01	2.1211e+01	0.0000e+00	0.0000e+00
2.1094e-03	3.0469e-03	2.8136e+01	2.1528e+01	0.0000e+00	0.0000e+00
2.3438e-03	3.0469e-03	3.0189e+01	2.1625e+01	0.0000e+00	0.0000e+00
2.5781e-03	3.0469e-03	2.8794e+01	2.1986e+01	1.0000e+00	0.0000e+00
2.8125e-03	3.0469e-03	2.6174e+01	2.1972e+01	1.0000e+00	0.0000e+00
3.0469e-03	3.0469e-03	2.3165e+01	2.1977e+01	1.0000e+00	0.0000e+00
3.2813e-03	3.0469e-03	1.5355e+01	2.1317e+01	0.0000e+00	0.0000e+00
3.5156e-03	3.0469e-03	1.6791e+01	2.1831e+01	1.0000e+00	0.0000e+00
3.7500e-03	3.0469e-03	1.4491e+01	2.1858e+01	0.0000e+00	0.0000e+00
3.9844e-03	3.0469e-03	1.4389e+01	2.1852e+01	1.0000e+00	0.0000e+00
4.2188e-03	3.0469e-03	1.4004e+01	2.1815e+01	1.0000e+00	0.0000e+00
4.4531e-03	3.0469e-03	1.3805e+01	2.1644e+01	0.0000e+00	0.0000e+00
4.6875e-03	3.0469e-03	1.3698e+01	2.1761e+01	1.0000e+00	0.0000e+00
4.9219e-03	3.0469e-03	1.3595e+01	2.1762e+01	1.0000e+00	0.0000e+00
5.1563e-03	3.0469e-03	1.3533e+01	2.1871e+01	0.0000e+00	0.0000e+00
5.3906e-03	3.0469e-03	1.3394e+01	2.1771e+01	1.0000e+00	0.0000e+00
5.6250e-03	3.0469e-03	1.3307e+01	2.1770e+01	1.0000e+00	0.0000e+00
5.8594e-03	3.0469e-03	1.3235e+01	2.1768e+01	1.0000e+00	0.0000e+00
6.0938e-03	3.0469e-03	1.3165e+01	2.1766e+01	1.0000e+00	0.0000e+00
6.3281e-03	3.0469e-03	1.3129e+01	2.1778e+01	1.0000e+00	0.0000e+00
6.5625e-03	3.0469e-03	1.3123e+01	2.1801e+01	1.0000e+00	0.0000e+00
6.7969e-03	3.0469e-03	1.3376e+01	2.1995e+01	0.0000e+00	0.0000e+00
7.0313e-03	3.0469e-03	1.3285e+01	2.1990e+01	0.0000e+00	0.0000e+00
7.2656e-03	3.0469e-03	1.3462e+01	2.1791e+01	0.0000e+00	0.0000e+00
2.3438e-04	2.8125e-03	4.0999e+01	2.2150e+01	0.0000e+00	0.0000e+00
4.6875e-04	2.8125e-03	3.8164e+01	2.1398e+01	0.0000e+00	0.0000e+00
7.0313e-04	2.8125e-03	3.8305e+01	2.0668e+01	0.0000e+00	0.0000e+00
9.3750e-04	2.8125e-03	3.7417e+01	2.1098e+01	0.0000e+00	0.0000e+00
1.1719e-03	2.8125e-03	3.4628e+01	2.1592e+01	1.0000e+00	0.0000e+00
1.4063e-03	2.8125e-03	3.4560e+01	2.2140e+01	0.0000e+00	0.0000e+00
1.6406e-03	2.8125e-03	3.3060e+01	2.2132e+01	0.0000e+00	0.0000e+00
1.8750e-03	2.8125e-03	3.1500e+01	2.1792e+01	1.0000e+00	0.0000e+00
2.1094e-03	2.8125e-03	2.9619e+01	2.1406e+01	0.0000e+00	0.0000e+00
2.3438e-03	2.8125e-03	3.2698e+01	2.2103e+01	0.0000e+00	0.0000e+00
2.5781e-03	2.8125e-03	3.4182e+01	2.2668e+01	0.0000e+00	0.0000e+00
2.8125e-03	2.8125e-03	2.9304e+01	2.1639e+01	0.0000e+00	0.0000e+00
3.0469e-03	2.8125e-03	2.2895e+01	2.1848e+01	1.0000e+00	0.0000e+00
3.2813e-03	2.8125e-03	1.5435e+01	2.1575e+01	0.0000e+00	0.0000e+00
3.5156e-03	2.8125e-03	1.5029e+01	2.2426e+01	0.0000e+00	0.0000e+00
3.7500e-03	2.8125e-03	1.4362e+01	2.2422e+01	0.0000e+00	0.0000e+00
3.9844e-03	2.8125e-03	1.4243e+01	2.1801e+01	0.0000e+00	0.0000e+00
4.2188e-03	2.8125e-03	1.3893e+01	2.1898e+01	0.0000e+00	0.0000e+00
4.4531e-03	2.8125e-03	1.3847e+01	2.1740e+01	1.0000e+00	0.0000e+00
4.6875e-03	2.8125e-03	1.3827e+01	2.1743e+01	0.0000e+00	0.0000e+00
4.9219e-03	2.8125e-03	1.3527e+01	2.1722e+01	0.0000e+00	0.0000e+00
5.1563e-03	2.8125e-03	1.3518e+01	2.1787e+01	1.0000e+00	0.0000e+00
5.3906e-03	2.8125e-03	1.3681e+01	2.1838e+01	0.0000e+00	0.0000e+00
5.6250e-03	2.8125e-03	1.3319e+01	2.1793e+01	1.0000e+00	0.0000e+00
5.8594e-03	2.8125e-03	1.3240e+01	2.1787e+01	1.0000e+00	0.0000e+00
6.0938e-03	2.8125e-03	1.3163e+01	2.1781e+01	1.0000e+00	0.0000e+00
6.3281e-03	2.8125e-03	1.2973e+01	2.1818e+01	0.0000e+00	0.0000e+00
6.5625e-03	2.8125e-03	1.2912e+01	2.1710e+01	0.0000e+00	0.0000e+00
6.7969e-03	2.8125e-03	1.3101e+01	2.1831e+01	0.0000e+00	0.0000e+00
7.0313e-03	2.8125e-03	1.3100e+01	2.1807e+01	0.0000e+00	0.0000e+00
7.2656e-03	2.8125e-03	1.3303e+01	2.1817e+01	0.0000e+00	0.0000e+00
2.3438e-04	2.5781e-03	3.8898e+01	2.1990e+01	0.0000e+00	0.0000e+00
4.6875e-04	2.5781e-03	3.7462e+01	2.1791e+01	0.0000e+00	0.0000e+00
7.0313e-04	2.5781e-03	3.8610e+01	2.1610e+01	0.0000e+00	0.0000e+00
9.3750e-04	2.5781e-03	3.7648e+01	2.1857e+01	0.0000e+00	0.0000e+00
1.1719e-03	2.5781e-03	3.4541e+01	2.1629e+01	1.0000e+00	0.0000e+00
1.4063e-03	2.5781e-03	3.1598e+01	2.1529e+01	0.0000e+00	0.0000e+00
1.6406e-03	2.5781e-03	3.1613e+01	2.2509e+01	0.0000e+00	0.0000e+00
1.8750e-03	2.5781e-03	3.0413e+01	2.2231e+01	0.0000e+00	0.0000e+00
2.1094e-03	2.5781e-03	2.9507e+01	2.1866e+01	0.0000e+00	0.0000e+00
2.3438e-03	2.5781e-03	2.9994e+01	2.1728e+01	1.0000e+00	0.0000e+00
2.5781e-03	2.5781e-03	3.2418e+01	2.2037e+01	0.0000e+00	0.0000e+00
2.8125e-03	2.5781e-03	2.8796e+01	2.1550e+01	0.0000e+00	0.0000e+00
3.0469e-03	2.5781e-03	2.1509e+01	2.1428e+01	0.0000e+00	0.0000e+00
3.2813e-03	2.5781e-03	1.6087e+01	2.1470e+01	0.0000e+00	0.0000e+00
3.5156e-03	2.5781e-03	1.6417e+01	2.1747e+01	1.0000e+00	0.0000e+00
3.7500e-03	2.5781e-03	1.4315e+01	2.2354e+01	0.0000e+00	0.0000e+00
3.9844e-03	2.5781e-03	1.4038e+01	2.1622e+01	0.0000e+00	0.0000e+00
4.2188e-03	2.5781e-03	1.3822e+01	2.1679e+01	0.0000e+00	0.0000e+00
4.4531e-03	2.5781e-03	1.4043e+01	2.1787e+01	0.0000e+00	0.0000e+00
4.6875e-03	2.5781e-03	1.3723e+01	2.1762e+01	1.0000e+00	0.0000e+00
4.9219e-03	2.5781e-03	1.3648e+01	2.1779e+01	1.0000e+00	0.0000e+00
5.1563e-03	2.5781e-03	1.3515e+01	2.1791e+01	0.0000e+00	0.0000e+00
5.3906e-03	2.5781e-03	1.3444e+01	2.1802e+01	1.0000e+00	0.0000e+00
5.6250e-03	2.5781e-03	1.3469e+01	2.1858e+01	0.0000e+00	0.0000e+00
5.8594e-03	2.5781e-03	1.3254e+01	2.1773e+01	1.0000e+00	0.0000e+00
6.0938e-03	2.5781e-03	1.3150e+01	2.1760e+01	1.0000e+00	0.0000e+00
6.3281e-03	2.5781e-03	1.3098e+01	2.1768e+01	1.0000e+00	0.0000e+00
6.5625e-03	2.5781e-03	1.3067e+01	2.1787e+01	1.0000e+00	0.0000e+00
6.7969e-03	2.5781e-03	1.3071e+01	2.1801e+01	1.0000e+00	0.0000e+00
7.0313e-03	2.5781e-03	1.3076e+01	2.1819e+01	1.0000e+00	0.0000e+00
7.2656e-03	2.5781e-03	1.3162e+01	2.1826e+01	0.0000e+00	0.0000e+00
2.3438e-04	2.3438e-03	3.8767e+01	2.1124e+01	0.0000e+00	0.0000e+00
4.6875e-04	2.3438e-03	3.7821e+01	2.1941e+01	0.0000e+00	0.0000e+00
7.0313e-04	2.3438e-03	3.7103e+01	2.1505e+01	1.0000e+00	0.0000e+00
9.3750e-04	2.3438e-03	3.6742e+01	2.1318e+01	0.0000e+00	0.0000e+00
1.1719e-03	2.3438e-03	3.4773e+01	2.1720e+01	1.0000e+00	0.0000e+00
1.4063e-03	2.3438e-03	3.0659e+01	2.1612e+01	0.0000e+00	0.0000e+00
1.6406e-03	2.3438e-03	3.1131e+01	2.2276e+01	0.0000e+00	0.0000e+00
1.8750e-03	2.3438e-03	3.0333e+01	2.2036e+01	0.0000e+00	0.0000e+00
2.1094e-03	2.3438e-03	3.0358e+01	2.1738e+01	0.0000e+00	0.0000e+00
2.3438e-03	2.3438e-03	2.9565e+01	2.1681e+01	0.0000e+00	0.0000e+00
2.5781e-03	2.3438e-03	2.9001e+01	2.1224e+01	0.0000e+00	0.0000e+00
2.8125e-03	2.3438e-03	2.5570e+01	2.1404e+01	1.0000e+00	0.0000e+00
3.0469e-03	2.3438e-03	2.2467e+01	2.1446e+01	1.0000e+00	0.0000e+00
3.2813e-03	2.3438e-03	1.6119e+01	2.1939e+01	0.0000e+00	0.0000e+00
3.5156e-03	2.3438e-03	1.6482e+01	2.1630e+01	1.0000e+00	0.0000e+00
3.7500e-03	2.3438e-03	1.3990e+01	2.1744e+01	0.0000e+00	0.0000e+00
3.9844e-03	2.3438e-03	1.4151e+01	2.1787e+01	1.0000e+00	0.0000e+00
4.2188e-03	2.3438e-03	1.3844e+01	2.1613e+01	0.0000e+00	0.0000e+00
4.4531e-03	2.3438e-03	1.3925e+01	2.1710e+01	0.0000e+00	0.0000e+00
4.6875e-03	2.3438e-03	1.3705e+01	2.1739e+01	0.0000e+00	0.0000e+00
4.9219e-03	2.3438e-03	1.3630e+01	2.1791e+01	1.0000e+00	0.0000e+00
5.1563e-03	2.3438e-03	1.3528e+01	2.1826e+01	0.0000e+00	0.0000e+00
5.3906e-03	2.3438e-03	1.3377e+01	2.1819e+01	0.0000e+00	0.0000e+00
5.6250e-03	2.3438e-03	1.3246e+01	2.1850e+01	0.0000e+00	0.0000e+00
5.8594e-03	2.3438e-03	1.3191e+01	2.1813e+01	0.0000e+00	0.0000e+00
6.0938e-03	2.3438e-03	1.3139e+01	2.1745e+01	0.0000e+00	0.0000e+00
6.3281e-03	2.3438e-03	1.3051e+01	2.1651e+01	0.0000e+00	0.0000e+00
6.5625e-03	2.3438e-03	1.3019e+01	2.1733e+01	0.0000e+00	0.0000e+00
6.7969e-03	2.3438e-03	1.3002e+01	2.1886e+01	0.0000e+00	0.0000e+00
7.0313e-03	2.3438e-03	1.2961e+01	2.1846e+01	0.0000e+00	0.0000e+00
7.2656e-03	2.3438e-03	1.2996e+01	2.1750e+01	0.0000e+00	0.0000e+00
2.3438e-04	2.1094e-03	3.7570e+01	2.1449e+01	1.0000e+00	0.0000e+00
4.6875e-04	2.1094e-03	3.7203e+01	2.1492e+01	0.0000e+00	0.0000e+00
7.0313e-04	2.1094e-03	3.7626e+01	2.1065e+01	0.0000e+00	0.0000e+00
9.3750e-04	2.1094e-03	3.6232e+01	2.1107e+01	0.0000e+00	0.0000e+00
1.1719e-03	2.1094e-03	3.4503e+01	2.1700e+01	1.0000e+00	0.0000e+00
1.4063e-03	2.1094e-03	3.1363e+01	2.1935e+01	0.0000e+00	0.0000e+00
1.6406e-03	2.1094e-03	3.0287e+01	2.2833e+01	0.0000e+00	0.0000e+00
1.8750e-03	2.1094e-03	3.4235e+01	2.2738e+01	0.0000e+00	0.0000e+00
2.1094e-03	2.1094e-03	3.0880e+01	2.1776e+01	1.0000e+00	0.0000e+00
2.3438e-03	2.1094e-03	2.9809e+01	2.1056e+01	0.0000e+00	0.0000e+00
2.5781e-03	2.1094e-03	2.9321e+01	2.1016e+01	0.0000e+00	0.0000e+00
2.8125e-03	2.1094e-03	2.5547e+01	2.1170e+01	1.0000e+00	0.0000e+00
3.0469e-03	2.1094e-03	2.1667e+01	2.1043e+01	0.0000e+00	0.0000e+00
3.2813e-03	2.1094e-03	1.5956e+01	2.1376e+01	0.0000e+00	0.0000e+00
3.5156e-03	2.1094e-03	1.3798e+01	2.1531e+01	0.0000e+00	0.0000e+00
3.7500e-03	2.1094e-03	1.4037e+01	2.1826e+01	0.0000e+00	0.0000e+00
3.9844e-03	2.1094e-03	1.4132e+01	2.1696e+01	1.0000e+00	0.0000e+00
4.2188e-03	2.1094e-03	1.3610e+01	2.1628e+01	0.0000e+00	0.0000e+00
4.4531e-03	2.1094e-03	1.3834e+01	2.1708e+01	0.0000e+00	0.0000e+00
4.6875e-03	2.1094e-03	1.3618e+01	2.1778e+01	1.0000e+00	0.0000e+00
4.9219e-03	2.1094e-03	1.3566e+01	2.1795e+01	1.0000e+00	0.0000e+00
5.1563e-03	2.1094e-03	1.3673e+01	2.1949e+01	0.0000e+00	0.0000e+00
5.3906e-03	2.1094e-03	1.3418e+01	2.1795e+01	1.0000e+00	0.0000e+00
5.6250e-03	2.1094e-03	1.3352e+01	2.1781e+01	1.0000e+00	0.0000e+00
5.8594e-03	2.1094e-03	1.3304e+01	2.1676e+01	0.0000e+00	0.0000e+00
6.0938e-03	2.1094e-03	1.3259e+01	2.1675e+01	0.0000e+00	0.0000e+00
6.3281e-03	2.1094e-03	1.3032e+01	2.1640e+01	0.0000e+00	0.0000e+00
6.5625e-03	2.1094e-03	1.2615e+01	2.1697e+01	0.0000e+00	0.0000e+00
6.7969e-03	2.1094e-03	1.2982e+01	2.1760e+01	1.0000e+00	0.0000e+00
7.0313e-03	2.1094e-03	1.2986e+01	2.1818e+01	0.0000e+00	0.0000e+00
7.2656e-03	2.1094e-03	1.2957e+01	2.1895e+01	0.0000e+00	0.0000e+00
2.3438e-04	1.8750e-03	3.9089e+01	2.1642e+01	0.0000e+00	0.0000e+00
4.6875e-04	1.8750e-03	3.4959e+01	2.1824e+01	0.0000e+00	0.0000e+00
7.0313e-04	1.8750e-03	3.5910e+01	2.1152e+01	0.0000e+00	0.0000e+00
9.3750e-04	1.8750e-03	3.6919e+01	2.1184e+01	0.0000e+00	0.0000e+00
1.1719e-03	1.8750e-03	3.5357e+01	2.1625e+01	0.0000e+00	0.0000e+00
1.4063e-03	1.8750e-03	3.5040e+01	2.2759e+01	0.0000e+00	0.0000e+00
1.6406e-03	1.8750e-03	3.3429e+01	2.2472e+01	0.0000e+00	0.0000e+00
1.8750e-03	1.8750e-03	3.1811e+01	2.2064e+01	0.0000e+00	0.0000e+00
2.1094e-03	1.8750e-03	3.1978e+01	2.1552e+01	0.0000e+00	0.0000e+00
2.3438e-03	1.8750e-03	3.0199e+01	2.0953e+01	0.0000e+00	0.0000e+00
2.5781e-03	1.8750e-03	2.9679e+01	2.0707e+01	0.0000e+00	0.0000e+00
2.8125e-03	1.8750e-03	2.5755e+01	2.0959e+01	1.0000e+00	0.0000e+00
3.0469e-03	1.8750e-03	2.4220e+01	2.0114e+01	0.0000e+00	0.0000e+00
3.2813e-03	1.8750e-03	1.9433e+01	2.1102e+01	1.0000e+00	0.0000e+00
3.5156e-03	1.8750e-03	1.4727e+01	2.1250e+01	0.0000e+00	0.0000e+00
3.7500e-03	1.8750e-03	1.4542e+01	2.1540e+01	1.0000e+00	0.0000e+00
3.9844e-03	1.8750e-03	1.3516e+01	2.2015e+01	0.0000e+00	0.0000e+00
4.2188e-03	1.8750e-03	1.3459e+01	2.1693e+01	0.0000e+00	0.0000e+00
4.4531e-03	1.8750e-03	1.3610e+01	2.1794e+01	1.0000e+00	0.0000e+00
4.6875e-03	1.8750e-03	1.3569e+01	2.1819e+01	0.0000e+00	0.0000e+00
4.9219e-03	1.8750e-03	1.3441e+01	2.1925e+01	0.0000e+00	0.0000e+00
5.1563e-03	1.8750e-03	1.3432e+01	2.1796e+01	1.0000e+00	0.0000e+00
5.3906e-03	1.8750e-03	1.3595e+01	2.1770e+01	0.0000e+00	0.0000e+00
5.6250e-03	1.8750e-03	1.3395e+01	2.1684e+01	0.0000e+00	0.0000e+00
5.8594e-03	1.8750e-03	1.3245e+01	2.1754e+01	1.0000e+00	0.0000e+00
6.0938e-03	1.8750e-03	1.3255e+01	2.1793e+01	0.0000e+00	0.0000e+00
6.3281e-03	1.8750e-03	1.3057e+01	2.1738e+01	1.0000e+00	0.0000e+00
6.5625e-03	1.8750e-03	1.2678e+01	2.1640e+01	0.0000e+00	0.0000e+00
6.7969e-03	1.8750e-03	1.2707e+01	2.1693e+01	0.0000e+00	0.0000e+00
7.0313e-03	1.8750e-03	1.2909e+01	2.1743e+01	0.0000e+00	0.0000e+00
7.2656e-03	1.8750e-03	1.3053e+01	2.1788e+01	1.0000e+00	0.0000e+00
2.3438e-04	1.6406e-03	4.0606e+01	2.1315e+01	0.0000e+00	0.0000e+00
4.6875e-04	1.6406e-03	3.6811e+01	2.1209e+01	1.0000e+00	0.0000e+00
7.0313e-04	1.6406e-03	3.4563e+01	2.0653e+01	0.0000e+00	0.0000e+00
9.3750e-04	1.6406e-03	3.5730e+01	2.1087e+01	0.0000e+00	0.0000e+00
1.1719e-03	1.6406e-03	3.4359e+01	2.1594e+01	1.0000e+00	0.0000e+00
1.4063e-03	1.6406e-03	3.3683e+01	2.1805e+01	1.0000e+00	0.0000e+00
1.6406e-03	1.6406e-03	3.2851e+01	2.1943e+01	1.0000e+00	0.0000e+00
1.8750e-03	1.6406e-03	3.0789e+01	2.1956e+01	0.0000e+00	0.0000e+00
2.1094e-03	1.6406e-03	3.0780e+01	2.1975e+01	0.0000e+00	0.0000e+00
2.3438e-03	1.6406e-03	3.1022e+01	2.1157e+01	0.0000e+00	0.0000e+00
2.5781e-03	1.6406e-03	3.0194e+01	2.0796e+01	0.0000e+00	0.0000e+00
2.8125e-03	1.6406e-03	3.1220e+01	2.0331e+01	0.0000e+00	0.0000e+00
3.0469e-03	1.6406e-03	2.6078e+01	2.0641e+01	0.0000e+00	0.0000e+00
3.2813e-03	1.6406e-03	1.6117e+01	2.1059e+01	0.0000e+00	0.0000e+00
3.5156e-03	1.6406e-03	1.6286e+01	2.1219e+01	1.0000e+00	0.0000e+00
3.7500e-03	1.6406e-03	1.3722e+01	2.1398e+01	0.0000e+00	0.0000e+00
3.9844e-03	1.6406e-03	1.3446e+01	2.1816e+01	0.0000e+00	0.0000e+00
4.2188e-03	1.6406e-03	1.3710e+01	2.1774e+01	0.0000e+00	0.0000e+00
4.4531e-03	1.6406e-03	1.3573e+01	2.1812e+01	1.0000e+00	0.0000e+00
4.6875e-03	1.6406e-03	1.3377e+01	2.1855e+01	0.0000e+00	0.0000e+00
4.9219e-03	1.6406e-03	1.3309e+01	2.1886e+01	0.0000e+00	0.0000e+00
5.1563e-03	1.6406e-03	1.3254e+01	2.1745e+01	0.0000e+00	0.0000e+00
5.3906e-03	1.6406e-03	1.3329e+01	2.1626e+01	0.0000e+00	0.0000e+00
5.6250e-03	1.6406e-03	1.3443e+01	2.1692e+01	0.0000e+00	0.0000e+00
5.8594e-03	1.6406e-03	1.3325e+01	2.1869e+01	0.0000e+00	0.0000e+00
6.0938e-03	1.6406e-03	1.3248e+01	2.1898e+01	0.0000e+00	0.0000e+00
6.3281e-03	1.6406e-03	1.3046e+01	2.1735e+01	1.0000e+00	0.0000e+00
6.5625e-03	1.6406e-03	1.2883e+01	2.1678e+01	0.0000e+00	0.0000e+00
6.7969e-03	1.6406e-03	1.2988e+01	2.1707e+01	0.0000e+00	0.0000e+00
7.0313e-03	1.6406e-03	1.3144e+01	2.1813e+01	0.0000e+00	0.0000e+00
7.2656e-03	1.6406e-03	1.3092e+01	2.1771e+01	1.0000e+00	0.0000e+00
2.3438e-04	1.4063e-03	4.0841e+01	2.1256e+01	0.0000e+00	0.0000e+00
4.6875e-04	1.4063e-03	3.5932e+01	2.0568e+01	0.0000e+00	0.0000e+00
7.0313e-04	1.4063e-03	3.5715e+01	2.1247e+01	1.0000e+00	0.0000e+00
9.3750e-04	1.4063e-03	3.5048e+01	2.0992e+01	0.0000e+00	0.0000e+00
1.1719e-03	1.4063e-03	3.4009e+01	2.1019e+01	0.0000e+00	0.0000e+00
1.4063e-03	1.4063e-03	3.3266e+01	2.1885e+01	0.0000e+00	0.0000e+00
1.6406e-03	1.4063e-03	3.3111e+01	2.1821e+01	1.0000e+00	0.0000e+00
1.8750e-03	1.4063e-03	3.1818e+01	2.2003e+01	0.0000e+00	0.0000e+00
2.1094e-03	1.4063e-03	3.2484e+01	2.1673e+01	1.0000e+00	0.0000e+00
2.3438e-03	1.4063e-03	3.1871e+01	2.1399e+01	1.0000e+00	0.0000e+00
2.5781e-03	1.4063e-03	3.2180e+01	2.1226e+01	0.0000e+00	0.0000e+00
2.8125e-03	1.4063e-03	3.3508e+01	1.9853e+01	0.0000e+00	0.0000e+00
3.0469e-03	1.4063e-03	2.2070e+01	1.9946e+01	0.0000e+00	0.0000e+00
3.2813e-03	1.4063e-03	1.4430e+01	2.0517e+01	0.0000e+00	0.0000e+00
3.5156e-03	1.4063e-03	1.4322e+01	2.1159e+01	0.0000e+00	0.0000e+00
3.7500e-03	1.4063e-03	1.3943e+01	2.1542e+01	0.0000e+00	0.0000e+00
3.9844e-03	1.4063e-03	1.3587e+01	2.1752e+01	0.0000e+00	0.0000e+00
4.2188e-03	1.4063e-03	1.3747e+01	2.1960e+01	0.0000e+00	0.0000e+00
4.4531e-03	1.4063e-03	1.3503e+01	2.1896e+01	0.0000e+00	0.0000e+00
4.6875e-03	1.4063e-03	1.3536e+01	2.1812e+01	1.0000e+00	0.0000e+00
4.9219e-03	1.4063e-03	1.3237e+01	2.1734e+01	0.0000e+00	0.0000e+00
5.1563e-03	1.4063e-03	1.3256e+01	2.1823e+01	0.0000e+00	0.0000e+00
5.3906e-03	1.4063e-03	1.3343e+01	2.1781e+01	1.0000e+00	0.0000e+00
5.6250e-03	1.4063e-03	1.3157e+01	2.1804e+01	0.0000e+00	0.0000e+00
5.8594e-03	1.4063e-03	1.3200e+01	2.1766e+01	1.0000e+00	0.0000e+00
6.0938e-03	1.4063e-03	1.3111e+01	2.1749e+01	1.0000e+00	0.0000e+00
6.3281e-03	1.4063e-03	1.3042e+01	2.1735e+01	1.0000e+00	0.0000e+00
6.5625e-03	1.4063e-03	1.3018e+01	2.1724e+01	1.0000e+00	0.0000e+00
6.7969e-03	1.4063e-03	1.3105e+01	2.1713e+01	0.0000e+00	0.0000e+00
7.0313e-03	1.4063e-03	1.3078e+01	2.1722e+01	1.0000e+00	0.0000e+00
7.2656e-03	1.4063e-03	1.3893e+01	2.1908e+01	0.0000e+00	0.0000e+00
2.3438e-04	1.1719e-03	3.9764e+01	2.1507e+01	0.0000e+00	0.0000e+00
4.6875e-04	1.1719e-03	3.5171e+01	2.0948e+01	0.0000e+00	0.0000e+00
7.0313e-04	1.1719e-03	3.4843e+01	2.1528e+01	0.0000e+00	0.0000e+00
9.3750e-04	1.1719e-03	3.5444e+01	2.0948e+01	0.0000e+00	0.0000e+00
1.1719e-03	1.1719e-03	3.3992e+01	2.1177e+01	0.0000e+00	0.0000e+00
1.4063e-03	1.1719e-03	3.3027e+01	2.2088e+01	0.0000e+00	0.0000e+00
1.6406e-03	1.1719e-03	3.2582e+01	2.2178e+01	0.0000e+00	0.0000e+00
1.8750e-03	1.1719e-03	3.3269e+01	2.2149e+01	0.0000e+00	0.0000e+00
2.1094e-03	1.1719e-03	3.2489e+01	2.1799e+01	0.0000e+00	0.0000e+00
2.3438e-03	1.1719e-03	3.1903e+01	2.1227e+01	0.0000e+00	0.0000e+00
2.5781e-03	1.1719e-03	3.3775e+01	2.1004e+01	0.0000e+00	0.0000e+00
2.8125e-03	1.1719e-03	2.7430e+01	2.1087e+01	1.0000e+00	0.0000e+00
3.0469e-03	1.1719e-03	2.2109e+01	2.0529e+01	0.0000e+00	0.0000e+00
3.2813e-03	1.1719e-03	1.4311e+01	2.0407e+01	0.0000e+00	0.0000e+00
3.5156e-03	1.1719e-03	1.4370e+01	2.1745e+01	0.0000e+00	0.0000e+00
3.7500e-03	1.1719e-03	1.4317e+01	2.1599e+01	1.0000e+00	0.0000e+00
3.9844e-03	1.1719e-03	1.3308e+01	2.1728e+01	0.0000e+00	0.0000e+00
4.2188e-03	1.1719e-03	1.3591e+01	2.1834e+01	0.0000e+00	0.0000e+00
4.4531e-03	1.1719e-03	1.3916e+01	2.1904e+01	0.0000e+00	0.0000e+00
4.6875e-03	1.1719e-03	1.3951e+01	2.1871e+01	0.0000e+00	0.0000e+00
4.9219e-03	1.1719e-03	1.3491e+01	2.1785e+01	1.0000e+00	0.0000e+00
5.1563e-03	1.1719e-03	1.3459e+01	2.1772e+01	0.0000e+00	0.0000e+00
5.3906e-03	1.1719e-03	1.3149e+01	2.1861e+01	0.0000e+00	0.0000e+00
5.6250e-03	1.1719e-03	1.3286e+01	2.1765e+01	1.0000e+00	0.0000e+00
5.8594e-03	1.1719e-03	1.3141e+01	2.1866e+01	0.0000e+00	0.0000e+00
6.0938e-03	1.1719e-03	1.2941e+01	2.1802e+01	0.0000e+00	0.0000e+00
6.3281e-03	1.1719e-03	1.2935e+01	2.1740e+01	0.0000e+00	0.0000e+00
6.5625e-03	1.1719e-03	1.3039e+01	2.1668e+01	0.0000e+00	0.0000e+00
6.7969e-03	1.1719e-03	1.3077e+01	2.1682e+01	0.0000e+00	0.0000e+00
7.0313e-03	1.1719e-03	1.3205e+01	2.1835e+01	0.0000e+00	0.0000e+00
7.2656e-03	1.1719e-03	1.3224e+01	2.1694e+01	1.0000e+00	0.0000e+00
2.3438e-04	9.3750e-04	3.8033e+01	2.2438e+01	0.0000e+00	0.0000e+00
4.6875e-04	9.3750e-04	3.1630e+01	2.1808e+01	0.0000e+00	0.0000e+00
7.0313e-04	9.3750e-04	3.4438e+01	2.1123e+01	1.0000e+00	0.0000e+00
9.3750e-04	9.3750e-04	3.3493e+01	2.1163e+01	1.0000e+00	0.0000e+00
1.1719e-03	9.3750e-04	3.0014e+01	2.0276e+01	0.0000e+00	0.0000e+00
1.4063e-03	9.3750e-04	3.2884e+01	2.1879e+01	0.0000e+00	0.0000e+00
1.6406e-03	9.3750e-04	3.3116e+01	2.1622e+01	0.0000e+00	0.0000e+00
1.8750e-03	9.3750e-04	3.4089e+01	2.1525e+01	0.0000e+00	0.0000e+00
2.1094e-03	9.3750e-04	3.7570e+01	2.2622e+01	0.0000e+00	0.0000e+00
2.3438e-03	9.3750e-04	3.7798e+01	2.2558e+01	0.0000e+00	0.0000e+00
2.5781e-03	9.3750e-04	3.0913e+01	2.1398e+01	1.0000e+00	0.0000e+00
2.8125e-03	9.3750e-04	3.1563e+01	2.1138e+01	0.0000e+00	0.0000e+00
3.0469e-03	9.3750e-04	2.5579e+01	2.0982e+01	0.0000e+00	0.0000e+00
3.2813e-03	9.3750e-04	1.9094e+01	2.1318e+01	1.0000e+00	0.0000e+00
3.5156e-03	9.3750e-04	1.4209e+01	2.1862e+01	0.0000e+00	0.0000e+00
3.7500e-03	9.3750e-04	1.4118e+01	2.1713e+01	1.0000e+00	0.0000e+00
3.9844e-03	9.3750e-04	1.3474e+01	2.1863e+01	0.0000e+00	0.0000e+00
4.2188e-03	9.3750e-04	1.3613e+01	2.1848e+01	0.0000e+00	0.0000e+00
4.4531e-03	9.3750e-04	1.3628e+01	2.1711e+01	0.0000e+00	0.0000e+00
4.6875e-03	9.3750e-04	1.3587e+01	2.1797e+01	1.0000e+00	0.0000e+00
4.9219e-03	9.3750e-04	1.3580e+01	2.1708e+01	0.0000e+00	0.0000e+00
5.1563e-03	9.3750e-04	1.3636e+01	2.1737e+01	0.0000e+00	0.0000e+00
5.3906e-03	9.3750e-04	1.3398e+01	2.1772e+01	1.0000e+00	0.0000e+00
5.6250e-03	9.3750e-04	1.3319e+01	2.1823e+01	0.0000e+00	0.0000e+00
5.8594e-03	9.3750e-04	1.3163e+01	2.1790e+01	0.0000e+00	0.0000e+00
6.0938e-03	9.3750e-04	1.3001e+01	2.1702e+01	0.0000e+00	0.0000e+00
6.3281e-03	9.3750e-04	1.2908e+01	2.1643e+01	0.0000e+00	0.0000e+00
6.5625e-03	9.3750e-04	1.2960e+01	2.1670e+01	0.0000e+00	0.0000e+00
6.7969e-03	9.3750e-04	1.3019e+01	2.1618e+01	0.0000e+00	0.0000e+00
7.0313e-03	9.3750e-04	1.3186e+01	2.1663e+01	1.0000e+00	0.0000e+00
7.2656e-03	9.3750e-04	1.3238e+01	2.1663e+01	1.0000e+00	0.0000e+00
2.3438e-04	7.0313e-04	3.4556e+01	2.1331e+01	1.0000e+00	0.0000e+00
4.6875e-04	7.0313e-04	3.1958e+01	2.1348e+01	0.0000e+00	0.0000e+00
7.0313e-04	7.0313e-04	3.4734e+01	2.1181e+01	0.0000e+00	0.0000e+00
9.3750e-04	7.0313e-04	3.2769e+01	2.0408e+01	0.0000e+00	0.0000e+00
1.1719e-03	7.0313e-04	2.9140e+01	2.0120e+01	0.0000e+00	0.0000e+00
1.4063e-03	7.0313e-04	3.2170e+01	2.1683e+01	0.0000e+00	0.0000e+00
1.6406e-03	7.0313e-04	3.2963e+01	2.1648e+01	0.0000e+00	0.0000e+00
1.8750e-03	7.0313e-04	3.2820e+01	2.1744e+01	0.0000e+00	0.0000e+00
2.1094e-03	7.0313e-04	3.4112e+01	2.1964e+01	1.0000e+00	0.0000e+00
2.3438e-03	7.0313e-04	3.9394e+01	2.2651e+01	0.0000e+00	0.0000e+00
2.5781e-03	7.0313e-04	3.4943e+01	2.1067e+01	0.0000e+00	0.0000e+00
2.8125e-03	7.0313e-04	3.2080e+01	2.1296e+01	0.0000e+00	0.0000e+00
3.0469e-03	7.0313e-04	2.0201e+01	2.1611e+01	0.0000e+00	0.0000e+00
3.2813e-03	7.0313e-04	1.5533e+01	2.2110e+01	0.0000e+00	0.0000e+00
3.5156e-03	7.0313e-04	1.3818e+01	2.2297e+01	0.0000e+00	0.0000e+00
3.7500e-03	7.0313e-04	1.4169e+01	2.1836e+01	1.0000e+00	0.0000e+00
3.9844e-03	7.0313e-04	1.3503e+01	2.1864e+01	0.0000e+00	0.0000e+00
4.2188e-03	7.0313e-04	1.3716e+01	2.1807e+01	0.0000e+00	0.0000e+00
4.4531e-03	7.0313e-04	1.3697e+01	2.1655e+01	0.0000e+00	0.0000e+00
4.6875e-03	7.0313e-04	1.3240e+01	2.1679e+01	0.0000e+00	0.0000e+00
4.9219e-03	7.0313e-04	1.3600e+01	2.1808e+01	1.0000e+00	0.0000e+00
5.1563e-03	7.0313e-04	1.3634e+01	2.1811e+01	0.0000e+00	0.0000e+00
5.3906e-03	7.0313e-04	1.3598e+01	2.1781e+01	0.0000e+00	0.0000e+00
5.6250e-03	7.0313e-04	1.3302e+01	2.1649e+01	0.0000e+00	0.0000e+00
5.8594e-03	7.0313e-04	1.3229e+01	2.1636e+01	0.0000e+00	0.0000e+00
6.0938e-03	7.0313e-04	1.3237e+01	2.1598e+01	0.0000e+00	0.0000e+00
6.3281e-03	7.0313e-04	1.3161e+01	2.1738e+01	1.0000e+00	0.0000e+00
6.5625e-03	7.0313e-04	1.3140e+01	2.1678e+01	1.0000e+00	0.0000e+00
6.7969e-03	7.0313e-04	1.3182e+01	2.1637e+01	1.0000e+00	0.0000e+00
7.0313e-03	7.0313e-04	1.3201e+01	2.1624e+01	1.0000e+00	0.0000e+00
7.2656e-03	7.0313e-04	1.3681e+01	2.1360e+01	0.0000e+00	0.0000e+00
2.3438e-04	4.6875e-04	3.4047e+01	2.1332e+01	1.0000e+00	0.0000e+00
4.6875e-04	4.6875e-04	3.3519e+01	2.1028e+01	0.0000e+00	0.0000e+00
7.0313e-04	4.6875e-04	3.4392e+01	2.0995e+01	0.0000e+00	0.0000e+00
9.3750e-04	4.6875e-04	3.4063e+01	2.0873e+01	0.0000e+00	0.0000e+00
1.1719e-03	4.6875e-04	3.3106e+01	2.1288e+01	1.0000e+00	0.0000e+00
1.4063e-03	4.6875e-04	3.2613e+01	2.1553e+01	0.0000e+00	0.0000e+00
1.6406e-03	4.6875e-04	3.3207e+01	2.1724e+01	1.0000e+00	0.0000e+00
1.8750e-03	4.6875e-04	3.1984e+01	2.2071e+01	0.0000e+00	0.0000e+00
2.1094e-03	4.6875e-04	3.4543e+01	2.2143e+01	0.0000e+00	0.0000e+00
2.3438e-03	4.6875e-04	3.6130e+01	2.1793e+01	0.0000e+00	0.0000e+00
2.5781e-03	4.6875e-04	3.1181e+01	2.1728e+01	1.0000e+00	0.0000e+00
2.8125e-03	4.6875e-04	2.7279e+01	2.1601e+01	1.0000e+00	0.0000e+00
3.0469e-03	4.6875e-04	1.8421e+01	2.0628e+01	0.0000e+00	0.0000e+00
3.2813e-03	4.6875e-04	1.3995e+01	2.1810e+01	0.0000e+00	0.0000e+00
3.5156e-03	4.6875e-04	1.3724e+01	2.2543e+01	0.0000e+00	0.0000e+00
3.7500e-03	4.6875e-04	1.3410e+01	2.1827e+01	0.0000e+00	0.0000e+00
3.9844e-03	4.6875e-04	1.3757e+01	2.1951e+01	1.0000e+00	0.0000e+00
4.2188e-03	4.6875e-04	1.3649e+01	2.1898e+01	0.0000e+00	0.0000e+00
4.4531e-03	4.6875e-04	1.3786e+01	2.1904e+01	0.0000e+00	0.0000e+00
4.6875e-03	4.6875e-04	1.3389e+01	2.1549e+01	0.0000e+00	0.0000e+00
4.9219e-03	4.6875e-04	1.3602e+01	2.1800e+01	1.0000e+00	0.0000e+00
5.1563e-03	4.6875e-04	1.3586e+01	2.1816e+01	0.0000e+00	0.0000e+00
5.3906e-03	4.6875e-04	1.3683e+01	2.1745e+01	0.0000e+00	0.0000e+00
5.6250e-03	4.6875e-04	1.3481e+01	2.1629e+01	0.0000e+00	0.0000e+00
5.8594e-03	4.6875e-04	1.3363e+01	2.1829e+01	1.0000e+00	0.0000e+00
6.0938e-03	4.6875e-04	1.3369e+01	2.1674e+01	0.0000e+00	0.0000e+00
6.3281e-03	4.6875e-04	1.3257e+01	2.1544e+01	0.0000e+00	0.0000e+00
6.5625e-03	4.6875e-04	1.3040e+01	2.1573e+01	0.0000e+00	0.0000e+00
6.7969e-03	4.6875e-04	1.2942e+01	2.1704e+01	0.0000e+00	0.0000e+00
7.0313e-03	4.6875e-04	1.3214e+01	2.1600e+01	1.0000e+00	0.0000e+00
7.2656e-03	4.6875e-04	1.3290e+01	2.1550e+01	0.0000e+00	0.0000e+00
2.3438e-04	2.3438e-04	3.3824e+01	2.1185e+01	1.0000e+00	0.0000e+00
4.6875e-04	2.3438e-04	3.3930e+01	2.1155e+01	1.0000e+00	0.0000e+00
7.0313e-04	2.3438e-04	3.3503e+01	2.1103e+01	1.0000e+00	0.0000e+00
9.3750e-04	2.3438e-04	3.5922e+01	2.1915e+01	0.0000e+00	0.0000e+00
1.1719e-03	2.3438e-04	3.3217e+01	2.1317e+01	1.0000e+00	0.0000e+00
1.4063e-03	2.3438e-04	3.2972e+01	2.1548e+01	1.0000e+00	0.0000e+00
1.6406e-03	2.3438e-04	3.3852e+01	2.2491e+01	0.0000e+00	0.0000e+00
1.8750e-03	2.3438e-04	3.3953e+01	2.2809e+01	0.0000e+00	0.0000e+00
2.1094e-03	2.3438e-04	3.5677e+01	2.2368e+01	0.0000e+00	0.0000e+00
2.3438e-03	2.3438e-04	3.4160e+01	2.1690e+01	0.0000e+00	0.0000e+00
2.5781e-03	2.3438e-04	3.5766e+01	2.3072e+01	0.0000e+00	0.0000e+00
2.8125e-03	2.3438e-04	2.6714e+01	2.1650e+01	1.0000e+00	0.0000e+00
3.0469e-03	2.3438e-04	1.9272e+01	2.0571e+01	0.0000e+00	0.0000e+00
3.2813e-03	2.3438e-04	1.5624e+01	2.1439e+01	0.0000e+00	0.0000e+00
3.5156e-03	2.3438e-04	1.4422e+01	2.2873e+01	0.0000e+00	0.0000e+00
3.7500e-03	2.3438e-04	1.4025e+01	2.2002e+01	1.0000e+00	0.0000e+00
3.9844e-03	2.3438e-04	1.3608e+01	2.1883e+01	0.0000e+00	0.0000e+00
4.2188e-03	2.3438e-04	1.3640e+01	2.1829e+01	1.0000e+00	0.0000e+00
4.4531e-03	2.3438e-04	1.3597e+01	2.1807e+01	1.0000e+00	0.0000e+00
4.6875e-03	2.3438e-04	1.3632e+01	2.1888e+01	0.0000e+00	0.0000e+00
4.9219e-03	2.3438e-04	1.3619e+01	2.1791e+01	0.0000e+00	0.0000e+00
5.1563e-03	2.3438e-04	1.3562e+01	2.1807e+01	1.0000e+00	0.0000e+00
5.3906e-03	2.3438e-04	1.3964e+01	2.2459e+01	0.0000e+00	0.0000e+00
5.6250e-03	2.3438e-04	1.3505e+01	2.1883e+01	1.0000e+00	0.0000e+00
5.8594e-03	2.3438e-04	1.3720e+01	2.2628e+01	0.0000e+00	0.0000e+00
6.0938e-03	2.3438e-04	1.3337e+01	2.2284e+01	0.0000e+00	0.0000e+00
6.3281e-03	2.3438e-04	1.3256e+01	2.1752e+01	1.0000e+00	0.0000e+00
6.5625e-03	2.3438e-04	1.3129e+01	2.1517e+01	0.0000e+00	0.0000e+00
6.7969e-03	2.3438e-04	1.3504e+01	2.1464e+01	0.0000e+00	0.0000e+00
7.0313e-03	2.3438e-04	1.3247e+01	2.1581e+01	1.0000e+00	0.0000e+00
7.2656e-03	2.3438e-04	1.3413e+01	2.1746e+01	0.0000e+00	0.0000e+00
